Generation: 228 | maxFitness: 2,42142 | maxFitnessGen: 1,522956 | maxFitnessGenBuf: 1,521622
N TotallyRandom: 10 | N RandomParents: 25 | N Top2: 15 | Min Mutation: 0,5

Index: 0 | Name: car 49 | Brain Type: TOP2 | Fitness: 1,521622 | BrainData : -2,812401;-4,046881;2,379334;-2,986844;2,297631;-2,754856;1,026847;-3,110877;1,544832;0,08935183;-3,533333;-4,814274;2,690844;-3,516535;2,53009;0,6385757;0,1668919;-2,586059;-1,542584;-0,2260178;1,277606;1,336718;-4,237044;-3,393637;-1,490465;3,881711
Index: 1 | Name: car 35 | Brain Type: TOP2 | Fitness: 1,518793 | BrainData : -2,851162;-4,032058;2,379334;-2,986844;2,270336;-2,754856;1,065841;-3,110877;1,544832;0,1609276;-3,550916;-4,814274;2,690844;-3,516535;2,53009;0,6422995;0,1817366;-2,586059;-1,54645;-0,2260178;1,303848;1,293822;-4,277869;-3,352855;-1,490465;3,849842
Index: 2 | Name: car 38 | Brain Type: TOP2 | Fitness: 1,517626 | BrainData : -2,800956;-4,065448;2,398791;-2,968848;2,255326;-2,758201;1,026847;-3,110877;1,544832;0,1302254;-3,488461;-4,768051;2,708101;-3,504765;2,53009;0,6717962;0,1704528;-2,586059;-1,542584;-0,2260178;1,303848;1,293822;-4,277869;-3,342396;-1,473633;3,833386
Index: 3 | Name: car 42 | Brain Type: TOP2 | Fitness: 1,496992 | BrainData : -2,791886;-4,020692;2,3637;-3,034213;2,255326;-2,728146;1,016012;-3,072098;1,544832;0,1302254;-3,533333;-4,779329;2,645905;-3,486378;2,53009;0,6355654;0,2060905;-2,586059;-1,542584;-0,2260178;1,350464;1,286368;-4,322064;-3,317261;-1,469703;3,889315
Index: 4 | Name: car 2 | Brain Type: RandomParents | Fitness: 1,478034 | BrainData : -2,822564;-4,050253;2,352956;-2,967656;2,22228;-2,717609;1,069994;-3,115425;1,553883;0,1276791;-3,560768;-4,788045;2,74059;-3,460245;2,549861;0,6450193;0,1817366;-2,617717;-1,53647;-0,2511676;1,324088;1,260507;-4,303945;-3,352855;-1,492701;3,87449
Index: 5 | Name: car 45 | Brain Type: TOP2 | Fitness: 1,457135 | BrainData : -2,812401;-4,034877;2,379334;-2,986844;2,247239;-2,754856;1,00004;-3,101254;1,51981;0,1739508;-3,582275;-4,814274;2,690844;-3,513063;2,513314;0,6385757;0,1817366;-2,627754;-1,542584;-0,2157405;1,316655;1,304972;-4,246026;-3,352855;-1,490465;3,877152
Index: 6 | Name: car 39 | Brain Type: TOP2 | Fitness: 1,450841 | BrainData : -2,853768;-4,038448;2,379334;-2,986844;2,216909;-2,754856;1,0143;-3,105545;1,579273;0,1302254;-3,534413;-4,787283;2,672552;-3,505217;2,500048;0,6334486;0,1817366;-2,586059;-1,542584;-0,2260178;1,265995;1,282828;-4,277869;-3,352855;-1,510701;3,87995
Index: 7 | Name: car 47 | Brain Type: TOP2 | Fitness: 1,449193 | BrainData : -2,82018;-3,998924;2,379334;-3,027605;2,255326;-2,79354;1,026847;-3,110877;1,544832;0,1302254;-3,566102;-4,799283;2,690844;-3,516535;2,53009;0,6385757;0,1817366;-2,539294;-1,542584;-0,1872347;1,263803;1,293822;-4,277869;-3,352855;-1,490465;3,842544
Index: 8 | Name: car 41 | Brain Type: TOP2 | Fitness: 1,447833 | BrainData : -2,812401;-4,070464;2,379334;-2,986844;2,206215;-2,754856;1,050624;-3,110877;1,557133;0,1302254;-3,535266;-4,772792;2,646348;-3,535733;2,546113;0,6385757;0,1713943;-2,581889;-1,542584;-0,2260178;1,316265;1,315877;-4,277869;-3,352855;-1,450683;3,849842
Index: 9 | Name: car 9 | Brain Type: RandomParents | Fitness: 1,426442 | BrainData : -2,815406;-4,046881;2,345176;-3,015566;2,26526;-2,716184;1,026847;-3,114309;1,563814;0,1552523;-3,508834;-4,745991;2,697058;-3,498045;2,511112;0,6385757;0,1817366;-2,609004;-1,54223;-0,1953145;1,283588;1,290351;-4,277869;-3,312474;-1,470943;3,828456
Index: 10 | Name: car 1 | Brain Type: RandomParents | Fitness: 1,423519 | BrainData : -2,965369;-4,05517;2,312584;-2,9448;2,178273;-2,747914;0,9956347;-3,115425;1,464586;0,1119559;-3,513679;-4,872622;2,762257;-3,537169;2,498035;0,6110873;0,2116939;-2,587264;-1,53038;-0,2669911;1,303711;1,273088;-4,277869;-3,358448;-1,477129;3,849842
Index: 11 | Name: car 43 | Brain Type: TOP2 | Fitness: 1,419289 | BrainData : -2,812401;-4,058991;2,379334;-2,973262;2,255326;-2,754856;1,026847;-3,110877;1,500649;0,1150049;-3,533333;-4,764546;2,726755;-3,516535;2,510398;0,6385757;0,1506721;-2,586059;-1,542584;-0,1820752;1,281731;1,293822;-4,277869;-3,363066;-1,490465;3,884396
Index: 12 | Name: car 46 | Brain Type: TOP2 | Fitness: 1,378115 | BrainData : -2,836609;-4,006823;2,379334;-3,00654;2,275078;-2,754856;1,026847;-3,110877;1,576311;0,1366224;-3,514314;-4,814274;2,642878;-3,516535;2,53009;0,6385757;0,1817366;-2,549741;-1,542584;-0,2691329;1,28521;1,304298;-4,277869;-3,384939;-1,503525;3,837038
Index: 13 | Name: car 40 | Brain Type: TOP2 | Fitness: 1,375319 | BrainData : -2,812401;-4,046881;2,379334;-2,963977;2,303042;-2,710734;1,026847;-3,07225;1,544832;0,1302254;-3,58063;-4,814274;2,690844;-3,549127;2,53009;0,6385757;0,210289;-2,586059;-1,542584;-0,2754951;1,261618;1,293822;-4,315074;-3,352855;-1,490465;3,870332
Index: 14 | Name: car 6 | Brain Type: RandomParents | Fitness: 1,373264 | BrainData : 1,280413;-0,8506422;0,910203;-3,207014;-3,493951;-4,337263;-0,1911041;2,756177;0,0593663;0,8674709;-4,682578;4,569274;3,866707;3,257445;-4,837034;-4,442696;-2,174189;-2,811555;-3,123372;-0,8756537;1,668708;1,193358;2,434415;1,186354;-0,657198;4,324065
Index: 15 | Name: car 23 | Brain Type: RandomParents | Fitness: 1,339737 | BrainData : -2,898526;-4,078918;2,309604;-3,030796;2,281306;-2,715544;1,025845;-3,138583;1,529311;0,1276791;-3,479104;-4,757946;2,739122;-3,484636;2,480423;0,6679006;0,1924744;-2,601349;-1,505591;-0,2260178;1,340191;1,252995;-4,226688;-3,351641;-1,445366;3,857286
Index: 16 | Name: car 44 | Brain Type: TOP2 | Fitness: 1,31661 | BrainData : -2,795753;-4,046881;2,379334;-2,986844;2,232572;-2,767907;0,9893159;-3,095888;1,544832;0,1302254;-3,533333;-4,862095;2,690844;-3,557283;2,553552;0,6741936;0,1732773;-2,586059;-1,542584;-0,2660051;1,303848;1,293822;-4,24347;-3,377651;-1,490465;3,801474
Index: 17 | Name: car 24 | Brain Type: RandomParents | Fitness: 1,253038 | BrainData : -2,900305;-4,094779;2,333311;-3,041857;2,26116;-2,766438;1,006986;-3,14687;1,606672;0,1670912;-3,513288;-4,79409;2,705245;-3,501987;2,559292;0,6021402;0,2205774;-2,537446;-1,53038;-0,2173839;1,339978;1,271398;-4,303916;-3,352855;-1,492701;3,816959
Index: 18 | Name: car 7 | Brain Type: RandomParents | Fitness: 1,244866 | BrainData : -2,815406;-4,06453;2,393126;-2,971633;2,26526;-2,734221;1,066382;-3,080674;1,527207;0,1276791;-3,505985;-4,79409;2,654383;-3,498422;2,511112;0,5954546;0,1817366;-2,596938;-1,54223;-0,2528207;1,303848;1,326648;-4,268768;-3,305731;-1,492701;3,849842
Index: 19 | Name: car 19 | Brain Type: RandomParents | Fitness: 1,135655 | BrainData : -2,823946;-3,960407;2,374902;-2,949129;2,197453;-2,787363;1,050064;-3,134502;1,496072;0,1276791;-3,535015;-4,79409;2,765384;-3,499272;2,529274;0,664849;0,2120243;-2,539314;-1,571324;-0,2630762;1,411396;1,272613;-4,318217;-3,315673;-1,481318;3,880291
Index: 20 | Name: car 16 | Brain Type: RandomParents | Fitness: 0,998166 | BrainData : -2,896979;-4,095996;2,356772;-3,016917;2,225406;-2,777385;1,063898;-3,115425;1,575298;0,08504671;-3,513288;-4,815485;2,694741;-3,472072;2,532589;0,6477087;0,1607771;-2,586059;-1,587572;-0,2571586;1,303848;1,277765;-4,277869;-3,344256;-1,54061;3,859578
Index: 21 | Name: car 48 | Brain Type: TOP2 | Fitness: 0,9980731 | BrainData : -2,812401;-4,046881;2,379334;-3,014741;2,236197;-2,754856;1,026847;-3,110877;1,544832;0,1147366;-3,533333;-4,796601;2,649145;-3,516535;2,53009;0,6385757;0,1817366;-2,586059;-1,542584;-0,2450067;1,351442;1,293822;-4,306764;-3,360449;-1,48862;3,820065
Index: 22 | Name: car 37 | Brain Type: TOP2 | Fitness: 0,9934453 | BrainData : -2,812401;-4,08191;2,379334;-2,975408;2,255326;-2,797167;1,026847;-3,090888;1,49952;0,1302254;-3,495801;-4,812157;2,697857;-3,507225;2,53009;0,6601831;0,1817366;-2,635539;-1,575369;-0,2107488;1,283638;1,293822;-4,323367;-3,352855;-1,528806;3,831082
Index: 23 | Name: car 36 | Brain Type: TOP2 | Fitness: 0,9451697 | BrainData : -2,797259;-4,073808;2,387983;-3,018231;2,255326;-2,754856;1,026847;-3,074644;1,511762;0,1302254;-3,533333;-4,793869;2,693577;-3,501323;2,53009;0,6385757;0,223405;-2,586059;-1,494068;-0,2260178;1,303848;1,293822;-4,252794;-3,328384;-1,449674;3,898084
Index: 24 | Name: car 15 | Brain Type: RandomParents | Fitness: 0,9281878 | BrainData : -2,875573;-3,949179;2,360413;-3,016917;2,207282;-2,781218;1,072346;-3,10882;1,496072;0,1732416;-3,466431;-4,811433;2,740584;-3,547668;2,563091;0,6385757;0,1360315;-2,589633;-1,570968;-0,261904;1,299813;1,233101;-4,240751;-3,366261;-1,47755;3,893632
Index: 25 | Name: car 20 | Brain Type: RandomParents | Fitness: 0,9081928 | BrainData : -2,857133;-4,062831;2,344357;-3,04022;2,169441;-2,815949;0,8709818;-3,308262;1,562965;0,1174989;-3,477787;-4,691397;2,695069;-3,57586;2,459259;0,4922012;0,1531553;-2,678726;-1,499639;-0,189155;1,219208;1,282907;-4,219995;-3,302758;-1,453168;3,80726
Index: 26 | Name: car 3 | Brain Type: RandomParents | Fitness: 0,8233761 | BrainData : -2,786963;-4,031204;2,336584;-3,102406;2,109195;-2,798772;0,8972052;-3,211543;1,509151;0,1101115;-3,486198;-4,730867;2,739767;-3,583786;2,601717;0,4452313;0,1801682;-2,6703;-1,548144;-0,1315634;1,284124;1,354323;-4,164497;-3,348927;-1,511216;3,828676
Index: 27 | Name: car 8 | Brain Type: RandomParents | Fitness: 0,8043653 | BrainData : -2,850465;-3,964566;2,360413;-3,024112;2,175907;-2,771618;1,072346;-3,078847;1,496072;0,1732416;-3,480983;-4,836536;2,740584;-3,548755;2,547152;0,6019416;0,1725205;-2,602227;-1,501103;-0,2710904;1,298548;1,281612;-4,240751;-3,363031;-1,432567;3,898527
Index: 28 | Name: car 18 | Brain Type: RandomParents | Fitness: 0,7947695 | BrainData : -2,890443;-3,949179;2,360413;-3,016917;2,175907;-2,807854;1,071369;-3,11622;1,504498;0,1849272;-3,480983;-4,836536;2,745784;-3,523676;2,556809;0,6385757;0,1725205;-2,589633;-1,53038;-0,261904;1,271227;1,279028;-4,268163;-3,41091;-1,429216;3,856346
Index: 29 | Name: car 4 | Brain Type: RandomParents | Fitness: 0,7947571 | BrainData : -2,841042;-4,046881;2,323547;-3,063664;2,26526;-2,783476;0,9892901;-3,12772;1,571048;0,09957847;-3,562879;-4,79409;2,762983;-3,488773;2,560862;0,6648319;0,1651674;-2,562652;-1,567003;-0,2628244;1,303848;1,279028;-4,277869;-3,352855;-1,535979;3,800925
Index: 30 | Name: car 21 | Brain Type: RandomParents | Fitness: 0,723015 | BrainData : -2,775011;-4,058661;2,362057;-2,997424;2,232148;-2,805766;0,9325473;-3,174446;1,576486;0,1287237;-3,448903;-4,761386;2,720773;-3,527656;2,432613;0,4937983;0,1175403;-2,655671;-1,479211;-0,2196266;1,309373;1,296972;-4,192587;-3,306876;-1,499906;3,707446
Index: 31 | Name: car 25 | Brain Type: TotallyRandom | Fitness: 0,5437743 | BrainData : 4,310685;-0,923378;-4,271879;1,367757;-4,047932;3,358719;-4,230453;3,274703;4,62873;4,892216;-3,154244;-4,036459;-0,9587355;2,836869;-2,808802;-3,532592;0,2602534;1,942351;-2,969418;-3,609234;-0,2945499;-2,118545;-2,64284;-3,681848;4,64899;0,5147572
Index: 32 | Name: car 11 | Brain Type: RandomParents | Fitness: 0,5436559 | BrainData : -4,058477;-4,638711;3,045947;-4,807654;-1,352787;-1,136116;-2,458731;-1,055814;-2,812331;1,441727;2,680149;3,4685;1,561312;-0,008696884;3,681432;-2,087635;0,9981659;3,203976;4,135483;-1,436635;-1,678809;0,8652562;2,402718;-0,6229149;-0,118755;0,9082864
Index: 33 | Name: car 0 | Brain Type: RandomParents | Fitness: 0,3395538 | BrainData : 3,118401;1,028111;-3,028734;3,99926;2,1509;4,265503;-1,956665;0,03761816;1,453135;-2,719508;0,8773046;4,466857;0,132267;3,012428;-2,325346;-3,573776;2,283648;-1,235904;4,45199;-1,58582;-4,644262;0,2290778;1,162149;1,94397;1,617682;-0,3890033
Index: 34 | Name: car 32 | Brain Type: TotallyRandom | Fitness: 0,3379203 | BrainData : 3,933378;4,889807;1,061794;4,614953;-0,9168978;-3,597462;-4,78736;1,278136;-2,908854;1,998908;0,1325159;-2,972292;0,480092;-4,44544;1,025469;1,317034;-0,0007276535;-2,963958;2,832881;-2,13008;2,03151;0,1854701;-1,111719;1,234901;0,6631322;4,060187
Index: 35 | Name: car 10 | Brain Type: RandomParents | Fitness: 0,3363864 | BrainData : -1,224287;0,7622847;4,502392;3,260874;3,117194;-0,4262324;2,409978;-4,368473;-1,565657;-1,198356;-0,7709266;1,203449;0,7043947;-0,5257099;-3,079385;-0,08692127;0,2909336;-0,08640344;1,916629;-3,932926;0,8650123;2,913863;-1,571156;-3,714683;2,13901;1,410657
Index: 36 | Name: car 14 | Brain Type: RandomParents | Fitness: 0,3363507 | BrainData : -1,179003;0,7428666;4,538896;3,320442;3,132526;-0,4076635;2,413564;-4,389473;-1,54872;-1,198356;-0,7401853;1,238741;0,6942606;-0,5297402;-3,06471;-0,04806897;0,3096493;-0,04943166;1,942108;-3,982296;0,8650123;2,913863;-1,625803;-3,673183;2,185777;1,410657
Index: 37 | Name: car 27 | Brain Type: TotallyRandom | Fitness: 0,3362958 | BrainData : 0,6224589;-3,633905;-4,297731;-2,888796;-0,6659107;3,924695;1,829933;-4,070321;-0,4178495;4,031323;-0,04048872;-1,244908;-2,576312;-1,2305;2,510458;-3,805161;1,959024;-4,379637;-1,773201;0,1029139;2,72297;-0,5357938;-2,082022;-3,051081;4,508723;-2,318048
Index: 38 | Name: car 12 | Brain Type: RandomParents | Fitness: 0,335998 | BrainData : -2,719094;-4,084821;-0,03590775;-0,2374206;-3,71435;3,399653;-3,730337;-0,09724138;-3,036135;4,489539;3,063328;-0,8472738;-3,071195;-3,421733;4,220852;-1,154767;3,135092;-0,2801945;3,804868;-3,021834;1,503587;-4,276362;0,9170299;3,562068;1,747131;1,483861
Index: 39 | Name: car 30 | Brain Type: TotallyRandom | Fitness: 0,3149834 | BrainData : -0,1110382;0,357955;-1,4841;4,434281;2,382463;0,2813487;-3,145827;-3,969498;1,330414;1,598635;3,805293;3,918867;2,46232;-0,1555319;3,556959;-4,226278;2,115989;2,919762;-3,120822;0,6161304;4,069427;3,523274;-4,093866;-2,21001;1,441087;3,331119
Index: 40 | Name: car 26 | Brain Type: TotallyRandom | Fitness: 0,3143756 | BrainData : 2,993876;2,808962;-3,102661;-1,319719;2,111969;-1,676349;0,9092455;2,641902;3,822624;1,492094;-4,620188;0,5380173;0,2923269;3,058919;0,3201909;-3,805395;-0,1520772;-4,687311;-3,604309;-3,233307;-4,814028;3,555156;0,4841022;-2,897931;3,322314;3,976595
Index: 41 | Name: car 33 | Brain Type: TotallyRandom | Fitness: 0,3135917 | BrainData : -1,826907;2,024473;3,507608;-4,125097;-4,036877;-3,549252;-3,579458;2,953041;-0,1683421;4,633333;0,4155822;0,9754758;2,080185;-4,456841;4,949659;-1,935688;-2,865191;3,081682;1,52145;-4,162003;0,06392908;2,33561;2,245077;2,193831;2,686668;1,689487
Index: 42 | Name: car 34 | Brain Type: TotallyRandom | Fitness: 0,3125623 | BrainData : 2,708094;-1,795666;-1,73301;-0,6599193;0,5515699;1,51025;-4,878119;3,532725;-3,29471;-3,496584;3,829187;-0,625308;2,465096;-4,94382;0,5173798;4,884562;-4,040636;-2,565617;-2,903979;3,57764;4,514136;1,48902;-4,589333;1,392457;4,619845;0,5298252
Index: 43 | Name: car 5 | Brain Type: RandomParents | Fitness: 0,3088052 | BrainData : -3,371983;1,095177;0,2392213;-0,0918636;4,271565;-0,3757639;3,866885;-2,476593;4,745172;1,812189;4,663877;1,136765;0,2683062;4,708375;4,80009;4,306905;-4,950212;2,678602;-4,689638;-2,438855;0,5520411;3,457711;1,704377;4,35486;4,228609;1,024146
Index: 44 | Name: car 22 | Brain Type: RandomParents | Fitness: 0,2736894 | BrainData : -0,2136007;1,019534;-2,900809;0,3065194;-4,322417;-0,04217196;4,394864;3,508376;3,246605;-3,522412;1,046772;0,695443;-1,252999;3,46738;3,279416;4,529082;-1,901499;2,726669;-2,303578;-1,73031;-3,424988;-1,065987;-2,730886;-0,9040875;3,996712;-3,807318
Index: 45 | Name: car 31 | Brain Type: TotallyRandom | Fitness: 0,2700111 | BrainData : -4,73348;-3,077694;-1,784184;4,984329;-3,528661;-0,28091;-3,51156;1,419282;-0,7452755;-1,12801;-0,01243067;4,392253;1,414742;-3,898371;3,745947;3,181649;1,753924;-0,5225353;-1,736823;-3,413739;2,084328;-0,6240315;-4,844301;1,729467;-0,9107132;-0,839756
Index: 46 | Name: car 17 | Brain Type: RandomParents | Fitness: 0,2687003 | BrainData : -0,09452628;0,3090267;-1,386173;1,003917;-1,540512;-1,421369;-4,770926;1,118982;-0,188572;-2,902439;2,640681;4,440958;-3,448581;-3,894212;2,392344;4,324457;-0,5887905;-0,2183742;-2,886278;-0,01940775;2,011719;0,7923247;2,498538;-0,2665871;-0,495245;-1,930254
Index: 47 | Name: car 28 | Brain Type: TotallyRandom | Fitness: 0,2420648 | BrainData : -1,838284;0,1122804;4,479189;-2,381334;0,5021148;-3,024819;0,9472256;-4,926728;-1,568175;2,095733;3,685312;1,889992;0,9754987;0,5706186;-0,914896;-0,4610295;-3,825622;-3,50069;-3,19763;-2,890375;-4,78624;3,0441;-0,4668541;1,860532;-3,382337;1,890347
Index: 48 | Name: car 29 | Brain Type: TotallyRandom | Fitness: 0,240534 | BrainData : 2,412016;-3,562654;3,