Generation: 166 | maxFitness: 2,42142 | maxFitnessGen: 1,484886 | maxFitnessGenBuf: 1,482801
N TotallyRandom: 10 | N RandomParents: 25 | N Top2: 15 | Min Mutation: 0,5

Index: 0 | Name: car 35 | Brain Type: TOP2 | Fitness: 1,482801 | BrainData : -3,0282;-3,88407;2,316303;-2,864022;2,0068;-2,760011;0,932542;-3,17361;1,655404;0,3694011;-3,533403;-4,914595;2,884724;-3,396389;2,398666;0,5079888;0,006760038;-2,786838;-1,559175;-0,3925828;1,234383;1,259434;-4,446889;-3,169577;-1,499556;3,733489
Index: 1 | Name: car 47 | Brain Type: TOP2 | Fitness: 1,482801 | BrainData : -3,030397;-3,908866;2,271024;-2,913749;2,053171;-2,732651;0,9536741;-3,136855;1,655404;0,3694011;-3,533403;-4,914595;2,884724;-3,3994;2,403347;0,5559781;0,009745415;-2,786838;-1,559175;-0,3457619;1,234383;1,259434;-4,446889;-3,130169;-1,499556;3,733489
Index: 2 | Name: car 8 | Brain Type: RandomParents | Fitness: 1,447464 | BrainData : 3,112404;0,6472092;3,365324;4,924687;-3,564611;4,541864;-2,877235;1,612771;-4,306468;0,01408343;-3,012066;-0,6942123;-4,388852;2,05143;-4,061823;-1,330419;-1,068347;-1,328743;4,842361;0,7575994;-4,261971;-3,86154;4,953682;0,05980601;-0,6007093;3,023071
Index: 3 | Name: car 37 | Brain Type: TOP2 | Fitness: 1,447334 | BrainData : -3,047329;-3,839413;2,298813;-2,901458;2,053171;-2,688564;0,8903257;-3,166028;1,681793;0,3737075;-3,55625;-4,914595;2,884724;-3,401238;2,4058;0,4899169;0,009745415;-2,786838;-1,566382;-0,3925828;1,22235;1,259434;-4,446889;-3,165371;-1,499556;3,733489
Index: 4 | Name: car 38 | Brain Type: TOP2 | Fitness: 1,444685 | BrainData : -3,0282;-3,88407;2,273456;-2,922731;2,053171;-2,777251;0,9547501;-3,221956;1,703565;0,3694011;-3,533403;-4,914595;2,91956;-3,410595;2,412537;0,5340891;0,009745415;-2,786838;-1,584894;-0,3925828;1,208168;1,263208;-4,473792;-3,130169;-1,511713;3,752348
Index: 5 | Name: car 48 | Brain Type: TOP2 | Fitness: 1,434107 | BrainData : -3,014428;-3,845496;2,29376;-2,928203;2,084008;-2,712849;0,953535;-3,147798;1,660376;0,3802159;-3,512568;-4,914595;2,890406;-3,3994;2,432381;0,5086508;0,02755321;-2,746995;-1,540833;-0,3925828;1,234383;1,259434;-4,446889;-3,169904;-1,499556;3,763607
Index: 6 | Name: car 10 | Brain Type: RandomParents | Fitness: 1,425597 | BrainData : -3,0933;-3,815825;2,272397;-2,852882;2,056493;-2,767405;0,9111783;-3,183536;1,593956;0,3922484;-3,518342;-4,922546;2,960045;-3,443975;2,408928;0,5079888;-0,0008237325;-2,721737;-1,623468;-0,368322;1,265362;1,218575;-4,468079;-3,154491;-1,485489;3,719273
Index: 7 | Name: car 5 | Brain Type: RandomParents | Fitness: 1,40127 | BrainData : -3,092129;-3,917664;2,355669;-2,902614;2,053548;-2,727573;0,8956792;-3,156624;1,575711;0,3973293;-3,564987;-4,950641;2,959871;-3,399804;2,412537;0,5340611;0,009745415;-2,769141;-1,559144;-0,3925828;1,280977;1,259434;-4,429385;-3,123918;-1,464024;3,754338
Index: 8 | Name: car 39 | Brain Type: TOP2 | Fitness: 1,397516 | BrainData : -3,05396;-3,856943;2,341869;-2,913749;2,053171;-2,732651;0,932542;-3,229722;1,655404;0,3253514;-3,541313;-4,902865;2,858709;-3,3994;2,416899;0,5305653;0,009745415;-2,786838;-1,518136;-0,410219;1,234383;1,259434;-4,420399;-3,144623;-1,487929;3,747618
Index: 9 | Name: car 44 | Brain Type: TOP2 | Fitness: 1,390995 | BrainData : -3,031886;-3,88407;2,351059;-2,913749;2,011949;-2,750184;0,8857469;-3,193296;1,655404;0,3694011;-3,544258;-4,872962;2,884724;-3,415273;2,412537;0,5079888;0,02100141;-2,742307;-1,559175;-0,3925828;1,234383;1,259434;-4,474169;-3,168458;-1,499556;3,706099
Index: 10 | Name: car 11 | Brain Type: RandomParents | Fitness: 1,390992 | BrainData : -3,137417;-3,993539;2,29849;-2,827178;2,055292;-2,724116;0,941927;-3,083716;1,628563;0,4878953;-3,512009;-4,874514;2,869607;-3,364626;2,435603;0,4219317;0,03747907;-2,762285;-1,588385;-0,3289656;1,264636;1,265436;-4,422947;-3,185615;-1,459949;3,735288
Index: 11 | Name: car 46 | Brain Type: TOP2 | Fitness: 1,379658 | BrainData : -3,0282;-3,870411;2,316303;-2,876055;2,065699;-2,732651;0,932542;-3,16976;1,697555;0,339583;-3,533403;-4,914595;2,846375;-3,3994;2,412537;0,5079888;0,003389325;-2,81659;-1,596694;-0,3661231;1,234383;1,246538;-4,446889;-3,152961;-1,499556;3,684799
Index: 12 | Name: car 22 | Brain Type: RandomParents | Fitness: 1,376486 | BrainData : -3,0282;-3,88407;2,328683;-2,913749;2,058863;-2,719366;0,9728743;-3,14112;1,655404;0,3695408;-3,533403;-4,914595;2,854115;-3,376112;2,400928;0,5000713;0,03498166;-2,786838;-1,559175;-0,3925828;1,234383;1,259434;-4,436635;-3,130169;-1,476932;3,733489
Index: 13 | Name: car 13 | Brain Type: RandomParents | Fitness: 1,371412 | BrainData : -3,090396;-3,895537;2,31407;-2,93452;2,062344;-2,735363;0,9145634;-3,168382;1,586591;0,3973293;-3,615516;-4,878881;2,874339;-3,3994;2,43754;0,5278263;0,05453593;-2,730032;-1,597422;-0,4072655;1,245274;1,244505;-4,410562;-3,189338;-1,488229;3,758184
Index: 14 | Name: car 40 | Brain Type: TOP2 | Fitness: 1,354369 | BrainData : -3,0282;-3,88407;2,363609;-2,899769;2,017594;-2,737548;0,932542;-3,189422;1,655404;0,3720286;-3,484546;-4,949175;2,884724;-3,434197;2,449619;0,5377149;0,009745415;-2,80623;-1,559175;-0,4108964;1,218601;1,299736;-4,494819;-3,130169;-1,499556;3,733489
Index: 15 | Name: car 19 | Brain Type: RandomParents | Fitness: 1,342888 | BrainData : -3,06595;-3,816738;2,322334;-2,902614;2,055292;-2,680406;0,9122382;-3,138105;1,631742;0,3973293;-3,533403;-4,93439;2,847319;-3,416008;2,443102;0,5229885;-0,002705608;-2,75205;-1,60132;-0,4782246;1,261843;1,278814;-4,430194;-3,125184;-1,453557;3,754338
Index: 16 | Name: car 45 | Brain Type: TOP2 | Fitness: 1,342112 | BrainData : -3,030139;-3,904844;2,316303;-2,913749;2,043977;-2,731939;0,932542;-3,184027;1,644144;0,3694011;-3,533403;-4,914595;2,864539;-3,3994;2,412537;0,5079888;0,05517869;-2,786838;-1,535791;-0,3988123;1,236633;1,259434;-4,446889;-3,119175;-1,453322;3,689745
Index: 17 | Name: car 41 | Brain Type: TOP2 | Fitness: 1,29347 | BrainData : -3,0282;-3,88407;2,316303;-2,913749;2,040871;-2,738916;0,932542;-3,184027;1,661387;0,3694011;-3,533403;-4,914595;2,880104;-3,42603;2,412537;0,5449398;0,009745415;-2,821645;-1,521114;-0,3925828;1,271608;1,259434;-4,454555;-3,130169;-1,499556;3,733489
Index: 18 | Name: car 36 | Brain Type: TOP2 | Fitness: 1,289438 | BrainData : -3,059773;-3,88407;2,316303;-2,897532;2,04846;-2,760632;0,932542;-3,148193;1,655404;0,4124171;-3,564326;-4,914595;2,839411;-3,3994;2,455735;0,5474858;0,009745415;-2,786838;-1,559175;-0,3489915;1,278414;1,230914;-4,446889;-3,154235;-1,51001;3,733489
Index: 19 | Name: car 9 | Brain Type: RandomParents | Fitness: 1,287141 | BrainData : -3,122366;-3,873173;2,210306;-2,775415;2,024008;-2,730502;0,9359105;-3,02213;1,634148;0,4359346;-3,411708;-4,993436;2,798541;-3,311201;2,392074;0,5038348;0,07917969;-2,800999;-1,514253;-0,3631517;1,259512;1,313445;-4,436323;-3,121131;-1,397055;3,70179
Index: 20 | Name: car 43 | Brain Type: TOP2 | Fitness: 1,25498 | BrainData : -2,978303;-3,898281;2,348542;-2,913749;2,053171;-2,732651;0,932542;-3,174116;1,655404;0,3790352;-3,525241;-4,914595;2,900108;-3,3994;2,412537;0,5079888;-0,03171751;-2,786838;-1,559175;-0,3925828;1,277807;1,259434;-4,484681;-3,163648;-1,499556;3,733489
Index: 21 | Name: car 49 | Brain Type: TOP2 | Fitness: 1,213957 | BrainData : -3,019473;-3,88407;2,316303;-2,913749;2,053171;-2,754756;0,932542;-3,184027;1,655404;0,348456;-3,533403;-4,905246;2,884724;-3,411754;2,363499;0,5079888;0,01867915;-2,762459;-1,555263;-0,3925828;1,283252;1,259434;-4,446889;-3,138592;-1,499556;3,733489
Index: 22 | Name: car 42 | Brain Type: TOP2 | Fitness: 1,17636 | BrainData : -3,022493;-3,875971;2,27985;-2,913749;2,09236;-2,699512;0,9367765;-3,184027;1,675106;0,3491316;-3,517009;-4,914595;2,884724;-3,390548;2,412537;0,4664809;0,039707;-2,832518;-1,522931;-0,3950577;1,234383;1,283845;-4,496232;-3,125367;-1,499556;3,692204
Index: 23 | Name: car 15 | Brain Type: RandomParents | Fitness: 1,175529 | BrainData : 1,775583;2,834632;0,4510758;-0,6026139;-0,8657106;0,5020289;-5,026165;4,859755;0,7268158;1,906803;-1,85919;2,02494;1,652582;-0,6216145;-0,2252297;-0,2344195;-3,389987;-4,937727;-2,572774;-3,503713;-3,445049;4,257265;-2,339189;-4,232029;0,6169236;-2,709906
Index: 24 | Name: car 16 | Brain Type: RandomParents | Fitness: 1,104693 | BrainData : -3,075592;-3,844458;2,341246;-2,916491;2,023656;-2,755683;0,9449216;-3,19492;1,626258;0,4142776;-3,533403;-4,857856;2,878095;-3,404002;2,431741;0,5079888;0,01877399;-2,790619;-1,589953;-0,3925828;1,249219;1,259434;-4,416286;-3,154491;-1,538246;3,76337
Index: 25 | Name: car 24 | Brain Type: RandomParents | Fitness: 1,104631 | BrainData : -3,05321;-3,904253;2,285617;-2,87642;2,015743;-2,683604;0,9445841;-3,121655;1,557745;0,407372;-3,449189;-4,951757;2,949106;-3,413559;2,462338;0,4966006;-0,008990154;-2,770332;-1,613061;-0,32025;1,264636;1,259007;-4,383401;-3,18177;-1,535803;3,775236
Index: 26 | Name: car 23 | Brain Type: RandomParents | Fitness: 0,9732735 | BrainData : -3,114304;-3,880106;2,316303;-2,903182;2,064504;-2,765098;0,884133;-3,168382;1,601547;0,4207598;-3,575646;-4,908914;2,911653;-3,359876;2,380755;0,5116253;0,04170685;-2,757843;-1,578882;-0,3992473;1,261843;1,250299;-4,361694;-3,059132;-1,54053;3,754338
Index: 27 | Name: car 12 | Brain Type: RandomParents | Fitness: 0,929111 | BrainData : -3,064258;-3,913051;2,283922;-2,821692;2,055292;-2,6151;0,9054589;-3,191677;1,636131;0,4075269;-3,570118;-4,997315;2,880265;-3,354111;2,417423;0,5202336;-0,001096055;-2,803491;-1,569068;-0,3443452;1,261843;1,217774;-4,420496;-3,18177;-1,471455;3,779036
Index: 28 | Name: car 20 | Brain Type: RandomParents | Fitness: 0,781686 | BrainData : -3,034311;-3,931822;2,338322;-2,869047;2,037466;-2,762637;0,9208097;-3,096749;1,612727;0,4205914;-3,508418;-4,903564;2,900967;-3,367165;2,377802;0,5192432;-0,03820723;-2,766466;-1,656951;-0,3827407;1,23323;1,232021;-4,41955;-3,213097;-1,456273;3,795242
Index: 29 | Name: car 21 | Brain Type: RandomParents | Fitness: 0,6741512 | BrainData : -3,06;-3,944657;2,403156;-2,762736;2,086152;-2,599493;0,957695;-3,11656;1,626258;0,343777;-3,576447;-4,960415;2,864076;-3,367165;2,459107;0,5202336;0,05256046;-2,820114;-1,622084;-0,3450218;1,213544;1,181937;-4,382822;-3,177859;-1,454049;3,74678
Index: 30 | Name: car 26 | Brain Type: TotallyRandom | Fitness: 0,6366937 | BrainData : -1,320322;2,370374;-0,2560253;1,388183;-3,304264;-4,939126;-1,588657;0,1617928;-1,297582;2,605402;2,409049;-2,342761;4,957103;2,805876;-4,018369;1,227514;1,299991;-3,495905;-4,629276;-0,6714792;-3,037716;0,6184978;3,307326;-0,2887959;0,850976;-3,037927
Index: 31 | Name: car 18 | Brain Type: RandomParents | Fitness: 0,4143563 | BrainData : 2,415606;0,1171526;-4,484048;0,3671152;-2,818223;-0,6504069;-4,750305;0,130279;4,546957;-2,336985;1,398998;-1,49052;4,088342;-2,521499;2,105099;3,546806;-1,582358;-3,912624;4,417919;-4,976127;-4,65992;-4,760668;3,524297;-4,273135;1,178969;-3,049721
Index: 32 | Name: car 7 | Brain Type: RandomParents | Fitness: 0,3637518 | BrainData : 0,2191348;4,518251;3,597729;-4,211019;-2,171658;-0,2667299;-2,001131;-1,989999;1,963652;-0,3917941;-1,102409;3,770252;2,519382;-1,259161;4,964991;4,661287;3,316425;4,123845;-3,488191;1,161027;-1,247485;4,876709;-1,521337;1,435584;0,3106751;-0,01905217
Index: 33 | Name: car 17 | Brain Type: RandomParents | Fitness: 0,3170636 | BrainData : -3,719012;3,924418;1,516212;1,403204;3,631204;0,8539886;3,581614;3,39045;-0,578968;1,750352;1,233655;2,203318;3,355519;4,216685;-1,405014;-0,7460232;3,358167;-3,493541;1,23931;2,537471;4,610892;-0,9866695;-2,55752;3,495338;0,5611916;3,19078
Index: 34 | Name: car 1 | Brain Type: RandomParents | Fitness: 0,3121279 | BrainData : 3,592095;-4,388467;3,688622;3,82553;4,926224;0,6497255;1,528913;-3,226461;-3,372475;-2,535649;-2,185299;0,6632752;-3,878888;2,549231;0,4221921;-3,35153;2,275419;1,409294;-3,241653;2,161051;0,7942181;-0,5702324;3,328983;3,532945;1,978323;-2,780165
Index: 35 | Name: car 34 | Brain Type: TotallyRandom | Fitness: 0,3112461 | BrainData : 3,77671;-2,337563;4,891851;-0,5149741;-0,7190104;2,11288;-1,769476;3,86644;-4,055372;-1,540177;-2,009075;2,394694;1,849564;-3,225799;-0,5257506;0,5360789;-3,634032;2,380993;-1,132043;-3,392468;3,202842;-1,335619;4,279253;-3,290806;2,09721;-0,06374407
Index: 36 | Name: car 31 | Brain Type: TotallyRandom | Fitness: 0,3112184 | BrainData : -2,142146;-2,127342;1,86584;-2,479079;-3,34242;-2,727508;-2,168936;-1,382037;0,2124839;1,610838;-1,022037;3,318597;-2,82198;-2,321382;1,420221;-1,483331;-3,989063;3,694696;-2,097356;3,737795;-0,226181;2,023392;2,331069;2,729188;2,125745;0,8202357
Index: 37 | Name: car 27 | Brain Type: TotallyRandom | Fitness: 0,3102197 | BrainData : -3,58359;-0,8590121;2,798793;1,314521;-4,708991;-1,717611;4,476387;4,850708;-2,138328;4,396329;2,06386;1,874342;-1,525588;-4,027371;1,237424;3,523278;0,5941277;1,476467;-2,842677;-0,8886619;4,830312;-4,95405;-4,273521;4,189481;2,607851;-0,4472322
Index: 38 | Name: car 32 | Brain Type: TotallyRandom | Fitness: 0,3100048 | BrainData : -4,43962;-4,145334;-0,2039332;2,487509;0,3134065;1,455084;-1,321879;0,4767604;1,858095;-1,131988;1,904255;3,770813;3,280491;4,220455;1,336746;4,218411;1,960186;-2,005685;4,394698;2,710255;4,441367;-1,291707;4,862167;4,53406;2,203542;-2,698449
Index: 39 | Name: car 14 | Brain Type: RandomParents | Fitness: 0,3099307 | BrainData : 2,62705;0,7586999;1,998058;3,001747;0,209517;3,430114;-1,387403;-5,005938;3,250047;4,093474;3,911662;0,09820698;-2,993697;2,785128;4,066248;-4,15635;2,955809;-3,082798;-1,643528;-2,022911;2,591248;-1,586836;3,983276;-2,868625;4,858118;-1,976943
Index: 40 | Name: car 30 | Brain Type: TotallyRandom | Fitness: 0,309385 | BrainData : 4,516712;3,820871;4,184441;-2,919679;1,755281;-3,834383;3,101068;-1,868367;-3,634614;0,3236313;4,036045;4,517171;4,98293;2,648714;2,231017;0,4018326;2,18125;1,957434;-3,753849;2,022916;4,38849;4,801116;-3,68198;-0,6440349;4,502731;-2,833668
Index: 41 | Name: car 25 | Brain Type: TotallyRandom | Fitness: 0,3092286 | BrainData : 2,607435;0,8749967;4,007373;-4,622166;-2,963797;-4,659389;3,596872;-2,317405;-0,2380495;-3,109498;-4,799729;-4,143154;0,7133465;1,065109;2,756901;0,445003;-1,097426;3,668647;-0,4620547;4,383457;4,943394;4,016529;3,388263;-3,653502;3,962966;0,6917663
Index: 42 | Name: car 29 | Brain Type: TotallyRandom | Fitness: 0,273798 | BrainData : 1,064082;0,03432226;-4,014615;-1,575048;-2,602533;3,524218;3,810829;0,8425026;1,198902;-2,3513;-3,74628;-2,528521;-3,140953;2,296556;0,318398;1,65577;-3,400896;2,431736;-0,7377501;-2,266318;-0,09048271;-3,068354;2,998606;2,415941;-0,9168596;1,793458
Index: 43 | Name: car 28 | Brain Type: TotallyRandom | Fitness: 0,2665308 | BrainData : -0,899889;-2,030371;-0,3186412;-0,3548903;0,5949945;-0,2243776;0,4003139;3,971034;-2,199618;4,94741;-0,91749;-4,091547;-0,8709283;-4,682457;-2,895993;1,58589;0,7335658;3,4523;-2,084127;-4,093876;-2,210114;-0,4118423;-4,213854;-3,72284;0,3964872;-4,986686
Index: 44 | Name: car 3 | Brain Type: RandomParents | Fitness: 0,2423472 | BrainData : 3,136011;-2,163294;-1,609778;-2,331422;-1,232428;-0,2040345;0,9413342;0,195375;0,1278167;-0,5849652;4,956389;2,075499;1,130447;-4,164307;2,721352;1,892096;-3,172151;-1,647205;-2,221491;0,6925945;4,292036;2,59649;-4,517286;0,374784;-2,017912;0,1433486
Index: 45 | Name: car 50 | Brain Type: RandomParents | Fitness: 0,2409154 | BrainData : 1,393912;-1,122668;-4,490577;-4,503602;-0,862865;2,581643;-1,927311;3,256209;-3,830638;-4,729291;-1,273962;-2,865245;4,449157;-4,127507;-0,5549331;-3,701216;0,5083566;1,340669;4,488462;-3,534014;3,078938;3,789909;-3,276336;-3,831748;-2,105515;-2,007706
Index: 46 | Name: car 4 | Brain Type: RandomParents | Fitness: 0,2401191 | BrainData : -2,162687;3,296072;1,648091;3,703515;1,131179;2,761537;-0,4107999;-0,1631022;-3,608882;0,2895722;1,008149;4,400141;0,7435403;-4,933192;3,319343;-3,522139;5,000312;-3,695312;-4,69557;0,04592364;3,563704;4,821766;-5,027685;4,925931;-1,516123;1,917387
Index: 47 | Name: car 2 | Brain Type: RandomParents | Fitness: 0,2380814 | BrainData : -2,786962;-4,383141;-2,35674;-0,1388882;-4,733372;4,58427;0,01832676;1,755828;1,048069;-1,031666;0,6605771;-2,474656;-2,065626;-2,274386;2,943505;-4,817948;-3,791128;-3,651298;-3,72087;-3,909446;-1,210995;4,906959;-4,550925;3,17115;-3,346846;2,427963
Index: 48 | Name: car 0 | Brain Type: RandomParents | Fitness: 0,2380345 | BrainData : -2,764317;-1,954945;-2,11725;2,7