Generation: 143 | maxFitness: 0,9087385 | maxFitnessGen: 0,2995073 | maxFitnessGenBuf: 0,4339633
N TotallyRandom: 8 | N RandomParents: 0 | N Top2: 29 | Min Mutation: 0,5

Index|Brain Type|Fitness|BrainData
0|TOP2|0,4339633|-1,806646;-3,702795;5,833709;-0,06222162;3,8636;0,7782464;1,852756;1,380024;-7,061239;3,627041;-3,227219;-3,451529;-0,4599612;-3,278021;-3,474581;1,215745;2,355687;-6,05075;-0,2713898;-4,079086;0,7459817;-3,800921;-3,466617;5,669222;2,746148;-4,860102;5,195911;1,867176;5,386755
1|TOP2|0,4084248|-1,806646;-3,702795;5,757425;-0,06222162;3,8636;0,7782464;1,998952;1,566929;-7,050069;4,091771;-3,227219;-3,043551;-0,5797791;-2,849022;-3,474581;1,215745;1,951425;-6,197372;0,111833;-4,079086;1,521243;-3,800921;-3,49485;5,3498;2,914452;-4,860102;5,195911;1,867176;5,383124
2|TOP2|0,3687348|-2,13757;-3,702795;5,757425;-0,06222162;3,8636;0,7782464;1,852756;1,584335;-7,050069;3,627041;-3,227219;-3,451529;-0,8163;-2,732657;-3,887426;1,215745;1,707146;-6,433761;0,4313813;-4,079086;1,10392;-3,683741;-3,466617;5,634397;2,93772;-5,288735;5,45044;1,867176;5,036085
3|TOP2|0,3235859|-1,806646;-3,672683;5,757425;-0,06222162;3,872586;0,2948116;1,852756;1,736454;-7,054512;3,627041;-3,227219;-3,486718;-0,5797791;-3,12407;-3,869392;1,237946;1,951425;-6,197372;0,111833;-4,079086;1,147846;-3,800921;-3,466617;5,502406;2,067881;-4,745704;5,195911;1,867176;5,168701
4|TOP2|0,316711|-1,456171;-4,018522;6,249492;-0,06222162;3,8636;0,567352;1,600829;1,661165;-6,805258;3,230515;-3,227219;-3,451529;-0,5797791;-2,849022;-3,624273;1,215745;1,757927;-6,213401;0,2027706;-4,079086;0,8124747;-3,459071;-3,81277;5,3498;2,564904;-4,860102;4,862814;1,867176;5,036085
5|TOP2|0,2524213|-1,806646;-4,01123;5,757425;-0,5405052;3,8636;0,3027933;1,852756;1,380024;-7,050069;3,276391;-3,568691;-3,012046;-0,5797791;-2,525194;-3,15167;1,368491;2,024809;-6,197372;0,09117027;-4,079086;1,10392;-3,800921;-3,725729;5,3498;2,564904;-5,297755;5,195911;1,997422;5,036085
6|TOP2|0,2415384|-1,806646;-4,087907;5,757425;0,1699909;3,8636;0,7782464;1,762438;1,674254;-7,066478;3,495583;-2,830227;-3,048967;-0,3973095;-2,849022;-3,084054;1,077024;1,951425;-6,197372;0,5117764;-4,079086;1,10392;-3,800921;-3,398281;5,3498;2,564904;-5,264405;5,501264;1,867176;5,411322
7|TOP2|0,2389118|-1,806646;-3,702795;6,054024;0,1193911;4,191909;0,3760549;1,852756;1,088065;-6,789053;3,627041;-3,227219;-3,675779;-0,4091819;-2,849022;-3,740544;1,215745;1,951425;-6,197372;0,2462367;-4,079086;0,8491936;-3,800921;-3,466617;5,3498;2,564904;-4,860102;5,195911;1,867176;5,036085
8|TOP2|0,2350537|-1,806646;-3,697837;5,757425;-0,2750076;3,8636;0,7782464;1,852756;1,139773;-7,050069;3,627041;-3,454859;-3,021291;-0,5797791;-2,629852;-3,805615;1,195154;1,951425;-6,315301;0,111833;-4,079086;1,10392;-3,631209;-3,466617;5,020459;2,883157;-4,679049;5,437664;1,867176;5,289891
9|RandomParents|0,2345828|-1,716094;-2,955744;6,326849;0,407976;4,625015;1,052546;2,204385;1,00238;-6,911151;4,23679;-2,650911;-3,793724;0,7463272;-1,336819;-4,273249;1,43575;1,330879;-3,493126;-1,105712;-3,551778;0,7694964;-3,887408;-2,917336;4,124579;3,138994;-3,886009;3,725297;2,065281;6,308476
10|TOP2|0,2307887|-1,806646;-3,421965;5,757425;-0,06222162;3,8636;0,7782464;1,458266;1,039664;-7,050069;3,627041;-3,579197;-3,175009;-0,5797791;-2,849022;-3,856774;1,392485;1,498899;-6,197372;0,4540166;-4,105479;1,10392;-3,800921;-3,466617;5,3498;2,686719;-4,860102;5,246029;1,867176;5,036085
11|TOP2|0,230095|-1,538241;-3,275642;5,533082;-0,06222162;3,8636;0,9250258;1,852756;1,380024;-7,050069;3,627041;-3,227219;-3,451529;-0,5797791;-2,849022;-3,431532;1,033042;1,607752;-6,197372;0,04216477;-4,315331;1,10392;-3,800921;-3,466617;5,496769;2,564904;-4,7029;4,792042;1,641017;5,036085
12|TOP2|0,2292763|-2,273816;-3,702795;5,757425;-0,06222162;3,965018;1,173053;1,735623;1,407932;-7,309764;3,627041;-3,227219;-3,451529;-0,5797791;-2,849022;-3,474581;1,010099;1,951425;-6,560854;0,111833;-4,079086;1,10392;-4,106281;-3,706567;5,354098;2,810667;-4,860102;5,195911;1,867176;5,295194
13|TOP2|0,2288218|-1,806646;-3,702795;5,757425;0,3553614;3,8636;0,9686303;1,852756;1,380024;-7,050069;3,627041;-3,694637;-3,451529;-0,6709094;-3,299156;-3,193882;1,215745;1,951425;-6,551404;0,111833;-3,94508;1,406336;-3,984585;-3,466617;5,3498;2,564904;-4,374333;5,195911;1,867176;5,036085
14|TOP2|0,2279716|-1,815356;-3,702795;6,22479;-0,1649657;3,8636;0,7782464;1,784038;1,380024;-6,901134;3,499398;-3,549353;-3,449185;-0,5797791;-2,714082;-3,612767;1,215745;1,951425;-6,197372;0,111833;-4,512723;1,10392;-3,978773;-3,466617;5,3498;2,564904;-4,860102;5,195911;1,426668;5,036085
15|TOP2|0,2252477|-2,180643;-3,702795;5,757425;-0,2151155;3,8636;0,4748204;1,608776;1,380024;-6,675466;3,410748;-3,262183;-3,451529;-0,5797791;-2,593702;-3,932614;1,349436;1,951425;-6,183596;0,111833;-4,212911;1,57331;-3,800921;-3,415767;5,66628;2,49637;-4,860102;5,68301;1,867176;5,489203
16|TOP2|0,2246153|-1,444207;-3,421845;6,14035;-0,06222162;3,8636;0,8881683;2,277746;1,380024;-7,050069;3,554403;-3,392507;-3,277963;-0,5616302;-2,350854;-3,474581;1,215745;1,951425;-6,197372;0,111833;-4,079086;0,6499251;-3,800921;-3,466617;5,522224;2,52899;-4,860102;5,631885;1,867176;5,036085
17|TOP2|0,2236588|-1,806646;-3,227191;5,526972;-0,006807122;3,8636;0,7782464;1,852756;1,380024;-7,050069;3,738906;-3,227219;-3,451529;-0,5797791;-2,849022;-3,474581;1,215745;1,951425;-6,674126;-0,3830371;-4,187992;1,10392;-3,626678;-3,827109;5,3498;2,114924;-4,686281;5,195911;1,867176;5,036085
18|TOP2|0,2215569|-2,275773;-3,702795;5,593004;-0,06222162;3,8636;0,7782464;2,001289;1,380024;-7,050069;3,627041;-3,227219;-3,451529;-0,5797791;-2,639198;-2,993565;1,69535;1,951425;-6,197372;0,111833;-4,079086;0,9271339;-3,800921;-3,466617;5,3498;2,564904;-4,73308;4,803355;1,592091;4,673339
19|TOP2|0,2169574|-1,525518;-3,498535;5,945663;-0,06222162;3,515484;1,191245;1,852756;1,791446;-7,389262;3,627041;-3,227219;-3,451529;-0,5797791;-2,849022;-3,474581;0,8953333;1,471862;-6,197372;0,2954152;-3,747783;0,6085867;-3,800921;-3,129673;4,948163;2,688948;-4,711477;5,68976;1,711352;4,807545
20|TOP2|0,2151465|-1,806646;-3,5195;5,757425;-0,06222162;3,8636;0,7782464;1,62404;1,380024;-7,050069;3,518603;-3,714589;-3,451529;-0,5797791;-2,992759;-2,990326;0,8184683;1,8542;-6,197372;-0,2049285;-4,326324;0,7318492;-3,800921;-3,466617;5,3498;2,368714;-4,500847;5,195911;1,867176;5,036085
21|TOP2|0,2140679|-1,327278;-3,68551;5,757425;0,3338533;3,8636;0,7782464;1,852756;1,531587;-6,939983;3,627041;-3,227219;-3,864596;-0,5797791;-2,849022;-3,474581;1,215745;1,951425;-6,197372;0,111833;-4,079086;1,233681;-4,156389;-2,973719;5,773382;2,564904;-4,569259;4,718636;1,885525;4,546368
22|TOP2|0,2136013|-1,806646;-3,702795;5,757425;0,1131152;4,360493;0,4111704;1,589862;1,31579;-7,050069;3,627041;-3,038723;-3,451529;-0,467189;-3,196736;-3,474581;1,715312;1,951425;-6,59024;0,111833;-4,097359;1,446703;-3,800921;-3,497576;5,3498;2,564904;-4,860102;5,169215;1,867176;5,331203
23|TOP2|0,2131858|-1,806646;-4,065935;5,5243;-0,06222162;3,58322;0,7782464;1,852756;1,380024;-6,744044;3,943072;-3,286573;-3,451529;-0,3562192;-2,849022;-3,533677;1,215745;1,951425;-6,049768;0,111833;-4,39428;1,10392;-3,800921;-3,302161;5,3498;2,550907;-4,860102;5,195911;1,867176;5,334352
24|TOP2|0,2126788|-1,673805;-3,702795;5,547139;-0,327028;3,8636;0,7782464;1,852756;0,9289017;-7,041871;3,627041;-3,227219;-3,917207;-0,5412925;-2,849022;-3,128766;1,316282;1,951425;-5,844465;0,111833;-4,079086;0,7757449;-3,453815;-3,808164;5,3498;2,819005;-4,860102;5,022048;1,867176;4,939113
25|TOP2|0,2107003|-1,806646;-3,226771;5,887787;-0,06222162;3,8636;0,7782464;1,852756;1,380024;-6,689785;3,269264;-3,227219;-3,700446;-0,5797791;-2,857676;-2,995044;1,215745;2,440012;-6,212006;0,3043919;-4,386769;1,175666;-3,800921;-3,498095;5,550027;2,564904;-4,860102;5,195911;1,867176;5,036085
26|TOP2|0,2091023|-1,806646;-3,702795;5,757425;-0,06222162;3,8636;1,18826;1,355765;1,738288;-7,240078;3,604093;-3,227219;-3,857931;-0,4390146;-2,849022;-3,255813;1,215745;1,51487;-6,425692;0,111833;-3,92713;1,10392;-3,561671;-3,466617;5,684855;2,474096;-4,633059;5,494919;1,867176;5,080878
27|TOP2|0,2038566|-2,183564;-3,702795;5,757425;-0,06222162;3,8636;0,9597253;1,852756;1,494569;-7,050069;3,627041;-3,259995;-3,66241;-0,7554338;-2,970775;-3,774647;1,429189;1,951425;-6,203038;-0,3178955;-4,079086;1,10392;-3,629456;-3,466617;5,3498;2,537503;-4,886737;5,144818;1,867176;5,036085
28|TOP2|0,2021761|-1,94043;-3,702795;5,757425;-0,3655948;4,159818;0,7782464;1,852756;1,380024;-7,347143;3,627041;-3,161182;-3,451529;-0,5797791;-2,849022;-3,221954;1,215745;1,951425;-6,354237;-0,03002433;-4,079086;0,6104233;-3,800921;-3,466617;5,3498;2,564904;-5,197086;5,195911;1,867176;5,036085
29|TOP2|0,2011756|-1,95829;-3,351275;6,094663;-0,2705503;3,8636;0,7782464;2,257226;0,9259682;-7,050069;3,627041;-3,227219;-3,451529;-1,013122;-2,849022;-3,229976;1,651481;1,883751;-6,197372;0,005715333;-4,558502;0,7320157;-3,800921;-2,986451;5,608724;2,564904;-4,704536;5,63784;1,867176;5,036085
30|TotallyRandom|0,1104624|4,768528;-0,3442006;-0,6721826;4,076307;-3,788472;-1,515939;4,445695;1,911831;4,624604;-4,469829;3,917759;-2,807139;1,013706;-2,279953;-2,498274;-4,776478;-1,957095;0,2863164;-2,065389;2,713888;-2,008369;-3,117821;-2,396962;-0,1508946;-4,780926;3,930097;2,371463;0,802464;-3,112321
31|TotallyRandom|0,02925541|1,955852;2,683533;-1,185586;-3,061337;-1,425791;-2,603016;0,4232078;2,27981;2,264441;-3,851876;4,265781;-4,354769;-2,229566;-4,62996;4,639146;4,061223;1,060521;-2,991891;4,232841;-0,7039471;2,126246;-0,9047003;4,175173;-1,290411;-4,023647;-4,095848;-4,514703;4,827891;-4,614304
32|TotallyRandom|0,02389335|-2,093623;-0,3511353;3,134665;-0,2329807;3,196573;-0,1423531;-4,111543;-0,7605619;-0,7402892;-1,157754;-3,042445;-0,405231;-4,959249;-2,537255;-2,050435;3,906491;2,221265;-1,420962;-1,86858;-3,695228;-2,98863;4,993452;-0,6722932;-0,688674;-1,297632;3,529471;-3,221093;0,4512782;-0,7169218
33|TotallyRandom|0,02082942|-4,742857;0,4020591;-2,587602;-2,137508;2,768625;1,436689;0,9943705;-0,3234096;0,05707455;-4,379315;-2,887454;-3,548225;-0,3039722;0,7935839;-2,003848;3,165964;0,7383389;0,007615566;-1,749063;1,258285;-0,2578826;-4,64625;-2,882677;4,182274;4,540094;-0,4359455;-1,166931;3,740982;4,805338
34|TotallyRandom|0,01653105|1,892909;-1,403298;-4,233456;-4,184756;4,464578;-4,789133;0,699306;2,644497;-4,105673;0,2415519;-3,133055;4,502676;-3,42064;-1,797702;-3,17259;-2,752233;-1,608598;2,579564;2,978247;-4,717813;3,833532;-1,157976;-4,975944;-2,823968;4,2223;-4,330229;-4,426662;-1,979036;2,865849
35|TotallyRandom|0,01280622|4,692699;-3,546034;1,961021;-4,666172;-2,312407;-0,3648276;2,312959;0,9548097;-3,829249;4,72322;-3,374893;-3,107161;2,727518;-2,970881;3,89854;3,734005;-4,201191;-4,127289;1,031063;-4,610979;4,606119;-4,778166;1,495422;-3,739466;-2,849983;-4,829558;1,977348;0,8463554;-4,955119
36|TotallyRandom|0,01212308|3,571295;3,891119;3,516988;-0,4185219;3,092111;3,746128;-3,134085;0,6437154;0,9850545;-2,582959;4,35873;1,403513;2,727599;1,865384;2,106187;-2,649528;4,958405;-0,9049301;3,739134;-2,158709;2,316018;4,336116;0,1067882;-3,416966;-4,539511;-2,040922;3,183868;-2,945912;-0,8754616
37|TotallyRandom|0,01212159|4,529661;-0,2980142;-2,004672;0,8945723;-0,4