Generation: 14 | maxFitness: 2,661088 | maxFitnessGen: 2,742497 | maxFitnessGenBuf: 2,639751

Index: 0 : -0,07947676;-2,418837;-2,959755;-4,022156;4,026838;-2,639145;-4,345584;2,150075;1,416251;3,464947;-4,82845;2,294121;-3,146359;-3,123003;0,3926839;-4,629572;-0,3182863;-2,779551;-4,690582;0,375545;2,94022;4,369013;2,288898;-0,3458809;-0,8474351;0,1872344 | Fitness: 2,639751
Index: 1 : -0,08405729;-2,434125;-2,962322;-4,121552;4,060396;-2,638985;-4,375662;2,189416;1,463482;3,381017;-4,856407;2,268228;-3,172157;-3,322184;0,3034788;-4,615144;-0,3590116;-2,853936;-4,557932;0,3848648;2,973644;4,26954;2,396946;-0,2385583;-0,9489551;0,2357555 | Fitness: 2,636124
Index: 2 : -0,07415805;-2,338678;-2,977575;-4,121793;4,032809;-2,714445;-4,291478;2,034366;1,483008;3,50368;-4,88311;2,342892;-3,114586;-3,164091;0,3642908;-4,545037;-0,4757438;-2,709037;-4,693526;0,3524199;2,931127;4,322108;2,344296;-0,3326924;-0,8459823;0,185116 | Fitness: 2,629121
Index: 3 : -0,06538415;-2,26191;-2,946132;-4,093016;4,016307;-2,746751;-4,307863;2,151077;1,451732;3,534905;-4,880893;2,397027;-3,011279;-3,159693;0,3260014;-4,506603;-0,4568692;-2,668597;-4,680366;0,3259209;2,929293;4,396129;2,387318;-0,1725316;-0,8498859;0,1987733 | Fitness: 2,627277
Index: 4 : -0,0757512;-2,325524;-2,881914;-4,173775;4,093947;-2,657497;-4,377855;2,095789;1,420895;3,383138;-4,79558;2,343149;-3,124269;-3,230179;0,359149;-4,573434;-0,4123485;-2,659281;-4,621533;0,4184081;2,968916;4,342183;2,358079;-0,2924027;-0,7652333;0,1925777 | Fitness: 2,60455
Index: 5 : -0,004578948;-2,338681;-2,925298;-4,215139;4,044192;-2,685829;-4,278958;2,08042;1,451732;3,564568;-4,801095;2,266751;-3,217782;-3,192721;0,3596173;-4,515624;-0,491617;-2,746093;-4,692738;0,2783509;2,983816;4,31917;2,367102;-0,2075532;-0,7514114;0,1577406 | Fitness: 2,601191
Index: 6 : -0,08345881;-2,375517;-2,931231;-4,171243;4,089748;-2,671595;-4,275074;2,161495;1,486131;3,563998;-4,761857;2,305449;-3,185118;-3,192721;0,3360653;-4,530602;-0,4149619;-2,747075;-4,65012;0,2783509;2,983816;4,364609;2,367102;-0,2101302;-0,7514114;0,1406375 | Fitness: 2,598743
Index: 7 : -0,1105056;-2,342945;-2,946132;-4,093016;4,016307;-2,705499;-4,320449;2,151077;1,495859;3,485743;-4,864408;2,397027;-3,048993;-3,159693;0,33984;-4,528311;-0,4568692;-2,710344;-4,682781;0,3259209;2,911337;4,396129;2,393335;-0,2293282;-0,831683;0,1987733 | Fitness: 2,596126
Index: 8 : -0,06205922;-2,304192;-2,932423;-4,174143;4,005485;-2,739392;-4,306839;2,034366;1,483008;3,50368;-4,892852;2,342892;-3,114586;-3,164091;0,3312195;-4,55548;-0,4480028;-2,655154;-4,693526;0,3524199;2,952048;4,322108;2,344296;-0,3326924;-0,8303922;0,1688698 | Fitness: 2,595457
Index: 9 : -0,04560338;-2,37768;-2,969915;-4,20935;4,039878;-2,679961;-4,202561;2,103497;1,380283;3,489309;-4,823773;2,348384;-3,094863;-3,203108;0,3913284;-4,450334;-0,4279925;-2,80007;-4,693663;0,3230717;3,068348;4,284051;2,350988;-0,2501005;-0,7531151;0,1394513 | Fitness: 2,590525
Index: 10 : -0,1005939;-2,323046;-2,97301;-4,092816;4,016307;-2,683982;-4,307863;2,182436;1,412671;3,475722;-4,930128;2,375461;-3,048993;-3,17568;0,3873848;-4,552341;-0,4568692;-2,735631;-4,643634;0,3276165;2,950436;4,396129;2,359141;-0,2166083;-0,831683;0,1987733 | Fitness: 2,589439
Index: 11 : -0,1219844;-2,350077;-2,981153;-4,199686;4,029339;-2,694749;-4,331016;2,095789;1,415651;3,464929;-4,803402;2,343149;-3,130455;-3,170909;0,3851938;-4,586692;-0,3920446;-2,659245;-4,633992;0,4184081;3,03668;4,289658;2,470466;-0,2534832;-0,8550971;0,1610176 | Fitness: 2,589148
Index: 12 : -0,06700213;-2,301352;-3,020072;-4,045418;4,062867;-2,691369;-4,218003;2,110489;1,42939;3,5281;-4,916648;2,337804;-3,010954;-3,172414;0,3331352;-4,517388;-0,3901921;-2,781542;-4,726492;0,3670414;2,938834;4,378092;2,374933;-0,2369712;-0,7868922;0,1512374 | Fitness: 2,586126
Index: 13 : -0,06205922;-2,3269;-2,960706;-4,170709;4,005485;-2,764067;-4,246667;2,034366;1,483008;3,485906;-4,922449;2,351223;-3,155058;-3,120783;0,3312195;-4,55548;-0,4336689;-2,677013;-4,693526;0,3662198;2,931127;4,322108;2,316259;-0,3326924;-0,8591731;0,1688698 | Fitness: 2,582192
Index: 14 : -0,06538415;-2,303626;-2,946132;-4,093016;4,016307;-2,735223;-4,274634;2,162739;1,44917;3,511043;-4,880893;2,438071;-3,048993;-3,159693;0,365642;-4,506603;-0,4568692;-2,737704;-4,682781;0,3259209;2,953106;4,396129;2,393335;-0,2166083;-0,8813675;0,18828 | Fitness: 2,575835
Index: 15 : -0,03978438;-2,366098;-2,946169;-4,10091;4,077347;-2,611359;-4,470603;2,193003;1,421186;3,4401;-4,771559;2,263269;-3,129832;-3,208499;0,2319225;-4,566297;-0,3178375;-2,819354;-4,5898;0,293732;2,95016;4,295479;2,367751;-0,196823;-0,8868324;0,1336689 | Fitness: 2,573238
Index: 16 : -0,07307871;-2,371401;-2,956774;-4,173775;4,031765;-2,728399;-4,377855;2,12774;1,432275;3,458168;-4,783648;2,306492;-3,124269;-3,130411;0,338359;-4,637402;-0,3649945;-2,735161;-4,625341;0,4184081;3,077958;4,296361;2,434323;-0,3063926;-0,8120377;0,1268601 | Fitness: 2,564674
Index: 17 : -0,07307871;-2,371401;-2,956774;-4,173775;4,031765;-2,728399;-4,377855;2,12774;1,432275;3,458168;-4,783648;2,306492;-3,124269;-3,130411;0,338359;-4,637402;-0,3649945;-2,735161;-4,625341;0,4184081;3,077958;4,296361;2,434323;-0,3063926;-0,8120377;0,1268601 | Fitness: 2,564673
Index: 18 : -0,03138179;-2,350003;-2,95872;-4,173775;4,108418;-2,677706;-4,412461;2,077922;1,409837;3,447241;-4,881639;2,36418;-3,120058;-3,195278;0,3108721;-4,598964;-0,3984075;-2,698397;-4,607089;0,3734676;2,914434;4,342183;2,434323;-0,2482523;-0,7650938;0,1165525 | Fitness: 2,558788
Index: 19 : -0,07580598;-2,418837;-2,918322;-4,06789;4,024223;-2,612538;-4,375733;2,172758;1,416251;3,456184;-4,829768;2,250013;-3,146359;-3,123003;0,3926839;-4,629572;-0,4016871;-2,742452;-4,673983;0,3604251;2,979317;4,321767;2,308306;-0,3458809;-0,8474351;0,1872344 | Fitness: 2,470979
Index: 20 : -2,892538;-3,37252;-0,4531569;4,076976;2,8148;0,3989005;1,931709;-1,970874;-3,642967;-4,373381;-3,730707;4,39209;-3,665756;2,78007;0,4312086;-2,453089;-2,884519;0,2182574;0,09793704;-2,86841;-0,09694052;-3,156357;-3,648616;4,009802;-2,175251;0,7249527 | Fitness: 1,711066
Index: 21 : -4,450968;-4,933806;-2,68608;-2,773407;-3,677235;4,213235;0,009521611;-0,3177705;3,84553;2,349981;-3,126866;3,240991;-0,8771326;-4,450597;2,843129;4,767025;-4,873173;-2,688589;3,113876;4,799126;0,3883876;2,948107;-2,984957;1,155099;3,957302;-0,2594319 | Fitness: 1,700716
Index: 22 : -4,40882;-4,980204;-2,674856;-2,793262;-3,632279;4,254363;0,01456457;-0,2732709;3,863754;2,341864;-3,161319;3,149782;-0,8747975;-4,417421;2,847576;4,691767;-4,93692;-2,688589;3,156926;4,814729;0,3951188;2,948107;-3,038568;1,132385;3,986422;-0,2239115 | Fitness: 1,700714
Index: 23 : 2,168572;2,466829;2,126713;-1,018065;-0,8556935;-0,8611771;-1,524463;2,678746;0,2018497;-3,621411;1,050146;3,614375;-4,550378;-1,365278;2,919072;-0,9613329;0,6476623;-3,429742;-4,524898;2,764102;-4,001921;1,01796;-3,813071;0,5261485;3,244575;-4,981694 | Fitness: 1,700041
Index: 24 : 2,166353;2,465161;2,126713;-1,079465;-0,8556935;-0,8792557;-1,574055;2,649359;0,1531447;-3,631364;1,046851;3,653458;-4,477163;-1,329722;2,990593;-0,9575338;0,6142725;-3,403544;-4,520243;2,800911;-3,953683;0,9561443;-3,813071;0,5557831;3,259725;-4,981694 | Fitness: 1,700009
Index: 25 : 2,639347;-1,611099;-4,319773;-4,535706;3,841776;-1,849793;1,995367;-1,065122;3,997176;1,634552;2,336631;4,241866;-2,532968;1,715675;2,846318;-3,843814;0,1451391;2,071257;-3,259292;-0,9399453;-3,323262;4,83988;-4,004193;2,337968;2,046173;0,01317171 | Fitness: 1,699325
Index: 26 : 2,639347;-1,611099;-4,319773;-4,541081;3,841776;-1,849793;1,995367;-1,096098;4,007845;1,634552;2,362536;4,261736;-2,484351;1,710701;2,846318;-3,826568;0,1451391;2,035214;-3,259292;-0,9399453;-3,323262;4,808374;-3,954656;2,309881;2,046173;-0,03764877 | Fitness: 1,699323
Index: 27 : 2,639347;-1,575954;-4,334869;-4,524633;3,888751;-1,863153;2,020108;-1,096098;3,979695;1,634552;2,362536;4,275568;-2,484351;1,699784;2,846318;-3,843814;0,1451391;2,035214;-3,259292;-0,9426352;-3,273263;4,808374;-3,974907;2,284154;2,046173;-0,01268353 | Fitness: 1,699321
Index: 28 : -4,46804;4,990876;-3,521784;3,113985;1,854181;-0,8418197;4,773455;1,2157;2,667321;0,3253023;-2,083341;3,713697;4,764906;0,5810999;-4,657629;2,151379;0,2602594;3,879286;-4,832034;-0,7409361;4,308596;1,631621;-1,298496;4,155977;1,7601;0,9774842 | Fitness: 1,609296
Index: 29 : -0,7514842;3,90042;4,79073;4,49549;3,457705;1,849328;-3,760744;-3,027321;1,357334;4,410741;-2,485406;-1,83194;-0,8711827;3,390122;2,760346;4,677788;4,665956;3,974243;-3,660313;0,9356938;3,52791;-0,3613188;-3,406971;2,467239;-0,6083933;-2,677633 | Fitness: 1,606593
Index: 30 : -0,8523483;4,028754;4,736661;4,46775;3,402699;1,853943;-3,767862;-3,045716;1,359662;4,433902;-2,433987;-1,75041;-0,7930737;3,335694;2,715591;4,633248;4,665956;3,963191;-3,609751;0,8745928;3,600922;-0,3459733;-3,474754;2,556233;-0,6178102;-2,669419 | Fitness: 1,606592
Index: 31 : -0,8523483;3,975604;4,746622;4,46775;3,410424;1,853943;-3,791725;-3,010452;1,359662;4,427613;-2,508319;-1,790108;-0,8519031;3,307844;2,715591;4,633248;4,701016;3,930378;-3,609751;0,8265679;3,600922;-0,357667;-3,474754;2,569603;-0,6503795;-2,693971 | Fitness: 1,60657
Index: 32 : -0,8027642;3,956255;4,748337;4,4895;3,410424;1,818452;-3,769195;-3,083861;1,404982;4,512393;-2,419656;-1,837155;-0,8711827;3,230188;2,69336;4,635565;4,665956;3,975001;-3,693643;0,809198;3,593438;-0,3498473;-3,390632;2,464265;-0,6498244;-2,685537 | Fitness: 1,606566
Index: 33 : -4,441842;4,982366;-3,524752;3,116951;1,886066;-0,848601;4,785729;1,194424;2,669301;0,3974821;-2,084418;3,760851;4,722861;0,62553;-4,698409;2,114562;0,1874782;3,848657;-4,848125;-0,7170343;4,25722;1,637089;-1,267639;4,116116;1,723573;0,968272 | Fitness: 1,60453
Index: 34 : -4,463714;4,987054;-3,48592;3,116951;1,886066;-0,838254;4,784884;1,162157;2,655959;0,3974821;-2,102978;3,738853;4,673666;0,62553;-4,657629;2,114562;0,2043268;3,848657;-4,797945;-0,6750532;4,247957;1,637089;-1,315118;4,152626;1,730269;0,9396616 | Fitness: 1,588894
Index: 35 : -4,408278;4,962304;-3,513911;3,116951;1,886066;-0,848601;4,821868;1,18823;2,655959;0,3474619;-2,102978;3,713697;4,712053;0,5876991;-4,657629;2,114562;0,23701;3,848657;-4,78031;-0,7510639;4,316668;1,651994;-1,267639;4,152626;1,73738;0,922622 | Fitness: 1,576291
Index: 36 : -4,496911;4,961869;-3,513911;3,15798;1,886066;-0,8968979;4,770742;1,166316;2,661856;0,3196195;-2,081605;3,713697;4,806668;0,5636767;-4,609337;2,200439;0,2602594;3,848657;-4,818277;-0,7173797;4,308596;1,631621;-1,267639;4,172383;1,773113;0,9178531 | Fitness: 1,560094
Index: 37 : 0,7730656;-3,102056;-2,53124;-0,7222013;-1,308699;-4,998083;-3,749434;1,973304;1,943945;-0,8922858;-1,037908;3,462069;1,02065;4,064565;-2,03125;-0,1767902;-4,140763;4,893536;-1,247768;-0,3914018;1,368608;3,152439;1,980338;3,073452;-0,2039189;-0,3345318 | Fitness: 1,459249
Index: 38 : -0,1219844;-2,395933;-2,981153;-4,173775;4,050629;-2,694749;-4,377855;2,095789;1,446822;3,452059;-4,8144;2,343149;-3,124269;-3,195278;0,3851938;-4,600952;-0,3649945;-2,708466;-4,646563;0,372272;3,023035;4,290948;2,470466;-0,2434995;-0,7903578;0,1214322 | Fitness: 1,157099
Index: 39 : -0,06230803;-2,278019;-3,004618;-4,02374;4,017765;-2,759814;-4,263754;2,09817