Generation: 46 | maxFitness: 0,6101888 | maxFitnessGen: 0,2372755 | maxFitnessGenBuf: 0,2285507
N TotallyRandom: 1 | N RandomParents: 0 | N Top2: 80 | Min Mutation: 0,5

Index|Brain Type|Fitness|BrainData
0|TOP2|0,2285507|1,894755;-0,4223359;-5,010423;-4,230991;-3,915611;5,015669;-5,107377;-4,9373;-0,2585283;-0,1757205;-3,336831;-1,461827;1,74729;0,8566244;6,463981;-1,213679;2,922332;3,865671;-0,4881224;-3,113464;4,747548;-3,133396;2,031684;1,975177;-2,403572;3,124362;-6,265073;-3,824243;4,342554
1|TOP2|0,2184643|1,444322;-0,355387;-4,751059;-4,310457;-3,915611;4,835885;-5,574339;-4,9373;0,09587434;-0,5526766;-3,336831;-1,381506;1,74729;0,997595;6,422107;-0,9071904;2,911978;3,46273;-0,3773677;-3,113464;4,666623;-2,648287;2,468875;2,049523;-2,403572;2,417436;-6,471445;-3,46818;4,369576
2|TOP2|0,2184587|2,106506;-0,3182493;-4,350229;-4,230991;-3,915611;4,595775;-5,277259;-4,9373;0,3180232;-0,6863149;-3,488236;-1,381506;2,035184;0,7566366;6,463981;-1,213679;2,516197;3,865671;-0,4881224;-3,113464;4,565164;-2,648287;2,082658;2,049523;-1,937679;2,909595;-6,265073;-3,222522;4,342554
3|TOP2|0,2165126|1,894755;-0,6384025;-4,851205;-4,230991;-3,915611;5,015669;-5,038512;-4,9373;0,09587434;-0,8640549;-3,336831;-1,381506;1,74729;0,997595;6,463981;-1,576275;2,922332;3,744966;-0,4881224;-3,158628;4,973578;-2,648287;2,031684;2,423671;-2,403572;3,299819;-6,265073;-3,219012;4,342554
4|TOP2|0,2156487|2,13708;-0,3182493;-4,289271;-4,230991;-3,915611;5,345224;-5,107377;-4,54346;0,09587434;-0,4916605;-3,603895;-1,381506;1,74729;1,053375;6,222104;-1,35107;3,190557;3,865671;-0,2431463;-3,314061;4,133633;-2,561956;2,031684;2,049523;-2,809533;2,909595;-6,128585;-3,46818;4,342554
5|TOP2|0,2150068|1,894755;-0,3487215;-4,751059;-4,102901;-3,88057;5,015669;-4,806552;-4,9373;0,09587434;-0,4916605;-3,476878;-1,381506;1,74729;0,997595;6,463981;-1,213679;3,205187;3,865671;-0,4881224;-2,622849;4,565164;-2,647566;1,575621;2,049523;-2,288646;2,64006;-6,265073;-3,46818;4,81214
6|TOP2|0,2100381|1,894755;-0,3182493;-4,33033;-4,230991;-3,915611;5,015669;-5,120182;-5,229671;0,09587434;-0,2193687;-2,942379;-1,729105;1,74729;0,997595;6,463981;-1,213679;2,922332;3,676736;-0,210136;-2,819324;4,679709;-2,796579;2,031684;2,049523;-2,850066;2,909595;-5,856176;-3,46818;3,942229
7|TOP2|0,2093424|1,801157;-0,4113787;-4,751059;-4,230991;-3,915611;5,244986;-5,107377;-4,9373;-0,08214989;-0,5396761;-3,810256;-1,381506;1,74729;0,997595;6,463981;-1,099053;2,947712;3,865671;-0,8847916;-3,113464;4,565164;-2,401935;1,552247;2,411077;-2,403572;2,854496;-6,074778;-3,436591;4,342554
8|TOP2|0,2063354|1,894755;-0,3182493;-4,751059;-4,230991;-3,915611;5,015669;-5,288261;-4,952024;-0,1377664;-0,4916605;-3,336831;-1,381506;1,74729;0,997595;6,26472;-0,8729645;2,427073;3,404103;-0,9391666;-3,03312;4,606256;-2,648287;1,994748;2,049523;-2,403572;3,362467;-6,070033;-3,46818;4,342554
9|TOP2|0,2046312|1,894755;-0,3182493;-4,311286;-4,332722;-3,915611;4,68968;-5,107377;-4,848201;0,3158023;-0,707109;-3,513351;-1,381506;1,40943;0,997595;6,463981;-1,213679;3,382722;3,865671;-0,4881224;-3,113464;4,565164;-2,648287;1,614375;2,049523;-2,403572;2,485109;-6,281103;-3,615186;4,342554
10|RandomParents|0,2036118|2,860007;-1,390453;-3,224925;-4,511395;-3,793586;5,897861;-3,996446;-4,690892;-1,400017;0,170674;-3,362275;-0,7735176;0,4417138;0,545266;4,309122;-1,178577;2,678926;1,669968;1,785839;-0,5266137;5,129024;-3,050983;1,559977;3,421554;-1,620623;3,909033;-4,319297;-3,641043;4,660218
11|TOP2|0,2024762|1,865749;-0,0325951;-4,751059;-3,956156;-3,915611;5,036179;-5,107377;-4,953565;0,09587434;-0,4916605;-3,336831;-1,264614;1,74729;0,886714;6,703253;-1,083229;2,922332;3,865671;-0,4881224;-3,113464;4,686793;-2,823865;2,031684;1,853003;-2,403572;2,909595;-6,265073;-3,944132;4,342554
12|TOP2|0,2009694|1,894755;-0,3182493;-4,751059;-4,230991;-4,291289;4,580709;-5,107377;-4,9373;0,09587434;-0,06365708;-3,336831;-1,381506;1,868336;0,997595;6,463981;-1,213679;3,165409;3,865671;-0,4881224;-3,113464;4,367265;-2,570056;1,827583;2,049523;-1,969729;3,066527;-6,3894;-3,781037;4,342554
13|TOP2|0,1998257|2,253459;-0,3182493;-5,23906;-4,230991;-3,915611;5,015669;-5,019948;-4,809307;0,09587434;-0,5402405;-3,336831;-1,596174;1,74729;0,997595;6,463981;-0,9018551;2,922332;3,824564;-0,4881224;-2,676805;4,565164;-2,648287;1,88181;2,049523;-2,403572;2,909595;-6,265073;-3,726309;4,342554
14|TOP2|0,1998251|1,894755;-0,3182493;-5,031609;-4,040659;-3,915611;5,015669;-5,107377;-4,512699;0,3002484;-0,1223644;-3,336831;-1,381506;2,072675;0,997595;6,463981;-1,213679;2,487425;3,634818;-0,01577276;-2,948895;4,565164;-2,878434;2,078134;1,674778;-2,403572;2,909595;-6,265073;-3,050019;4,674295
15|TOP2|0,1979438|1,894755;-0,3182493;-4,279605;-4,230991;-4,022736;4,749097;-5,107377;-5,062237;0,09587434;-0,51759;-3,429121;-1,381506;1,685426;0,997595;6,463981;-1,222897;2,922332;4,163492;-0,694173;-3,113464;4,565164;-2,73637;2,490978;2,049523;-2,403572;2,909595;-6,265073;-3,955414;4,738598
16|TOP2|0,1967368|1,894755;-0,4786621;-4,751059;-4,704432;-4,00241;5,015669;-5,555025;-4,549734;0,09587434;-0,4916605;-3,336831;-1,381506;1,835684;0,997595;6,463981;-1,213679;2,965773;3,865671;-0,6047972;-3,315864;4,565164;-2,358852;2,031684;1,636162;-2,669265;2,763972;-6,343788;-3,46818;4,342554
17|TOP2|0,1950636|2,164109;-0,6883488;-4,384517;-4,263688;-3,66183;5,015669;-5,107377;-4,651537;-0,05807474;-0,251942;-3,03284;-1,381506;1,74729;1,395945;6,463981;-1,137035;2,932157;3,405583;-0,4881224;-3,113464;4,118454;-2,648287;2,416084;2,434899;-2,403572;2,909595;-6,265073;-3,517212;4,593963
18|TOP2|0,1942466|1,894755;-0,08391686;-5,232347;-4,633492;-3,915611;4,902771;-5,107377;-4,9373;0,09587434;-0,5455313;-3,336831;-1,044343;1,859387;1,033976;6,127071;-1,29398;2,922332;3,58763;-0,489068;-3,113464;4,126193;-2,648287;2,031684;1,925282;-2,403572;2,887817;-6,653107;-3,46818;4,342554
19|TOP2|0,1935072|1,894755;-0,3182493;-4,592634;-4,230991;-3,949415;4,66346;-4,919285;-4,9373;-0,08891836;-0,4916605;-3,336831;-1,381506;1,74729;0,718507;6,501403;-1,115635;2,922332;3,865671;-0,4881224;-3,113464;4,565164;-2,648287;2,031684;2,049523;-2,116651;3,024004;-6,189912;-3,737543;4,342554
20|TOP2|0,1934476|2,364324;-0,6426094;-4,443317;-4,230991;-3,915611;5,015669;-5,107377;-4,9373;0,09587434;-0,4916605;-3,504202;-1,573484;1,74729;0,7803025;6,463981;-1,213679;2,549348;3,865671;-0,1265813;-3,221679;4,565164;-2,153663;1,580344;2,42061;-2,310263;2,909595;-6,265073;-3,46818;4,342554
21|TOP2|0,1928839|1,621872;-0,3182493;-4,751059;-3,958176;-3,915611;5,015669;-5,319417;-4,9373;0,3606829;-0,4916605;-3,336831;-1,381506;1,393711;1,126275;6,463981;-1,041337;2,438582;3,865671;-0,4881224;-3,341491;4,264225;-2,648287;2,031684;2,049523;-2,901363;2,909595;-6,091078;-3,46818;4,342554
22|TOP2|0,1915116|1,894755;-0,3182493;-4,751059;-3,922214;-4,126127;5,015669;-5,36405;-4,9373;0,2950864;-0,7390854;-2,906821;-1,381506;1,74729;1,449697;6,463981;-1,213679;3,296269;3,845801;0,005210578;-3,113464;4,565164;-2,817285;2,468162;2,049523;-2,403572;2,909595;-6,208677;-3,400512;4,342554
23|TOP2|0,1911136|1,894755;-0,3687911;-4,774189;-4,230991;-4,039381;5,317557;-5,107377;-4,9373;0,1901301;-0,4916605;-2,915778;-1,20517;1,74729;0,997595;6,899;-1,534542;3,227495;3,669905;-0,7379791;-3,113464;4,565164;-2,648287;2,031684;1,747949;-2,403572;2,909595;-6,265073;-3,46818;4,218734
24|TOP2|0,1909754|1,814733;-0,3970637;-4,751059;-4,230991;-3,915611;5,015669;-4,967293;-4,9373;-0,2508871;-0,9123105;-3,336831;-1,124892;1,432622;0,997595;6,463981;-1,213679;3,161858;3,865671;-0,3312517;-2,902414;4,681693;-2,648287;2,031684;1,672626;-2,202607;2,909595;-6,478672;-3,825513;4,552106
25|TOP2|0,1906401|1,894755;0,06062108;-4,373044;-4,249135;-4,286813;4,594455;-5,107377;-4,933564;0,09587434;-0,5911009;-3,235296;-1,381506;1,74729;1,264078;6,221709;-1,24752;2,922332;4,187048;-0,4881224;-3,113464;4,799048;-2,648287;2,031684;2,136088;-2,46727;2,909595;-6,265073;-3,46818;3,908766
26|TOP2|0,1900545|1,894755;-0,09610482;-4,751059;-4,230991;-3,915611;5,015669;-5,337134;-4,65897;0,09587434;-0,8004001;-3,336831;-1,381506;1,470327;1,033639;6,463981;-1,213679;2,521329;3,460381;-0,0652284;-3,113464;4,354028;-2,648287;2,031684;2,049523;-2,019701;2,520234;-6,265073;-3,46818;4,773242
27|TOP2|0,1899147|1,584249;-0,3182493;-4,711668;-4,434318;-3,675417;5,015669;-4,818977;-4,863256;0,09587434;-0,4916605;-3,336831;-0,9315002;1,670557;1,312094;6,463981;-1,213679;2,879368;3,865671;-0,4881224;-3,113464;4,181331;-2,78105;2,031684;2,082119;-2,165716;2,909595;-6,305776;-3,480646;4,342554
28|TOP2|0,1887029|1,894755;-0,3182493;-4,751059;-4,01989;-3,631189;4,836734;-5,107377;-4,971624;0,4591865;-0,5769153;-3,380423;-1,381506;1,74729;0,997595;6,463981;-0,9480318;2,990396;3,865671;-0,4881224;-3,113464;4,565164;-2,648287;1,533787;1,794178;-2,123884;3,272297;-6,362725;-3,46818;4,342554
29|TOP2|0,1885552|1,894755;-0,3182493;-4,751059;-4,230991;-3,915611;4,739687;-5,107377;-4,9373;0,2719173;-0,4916605;-3,336831;-1,408569;1,400638;0,997595;6,463981;-1,036628;2,922332;3,759953;-0,6781524;-3,113464;4,565164;-2,648287;2,031684;1,738517;-2,161816;2,75255;-6,402156;-3,04758;4,342554
30|TOP2|0,1867755|1,960982;-0,4068016;-4,751059;-4,557026;-3,915611;5,38114;-4,995898;-4,9373;0,09372136;-0,8135102;-3,336831;-1,615595;1,74729;0,6135674;6,236039;-1,213679;2,922332;4,25769;-0,6014498;-2,999506;4,565164;-2,648287;2,031684;2,049523;-2,063282;2,909595;-6,030519;-3,263313;4,342554
31|TOP2|0,1857555|2,333676;-0,3182493;-4,838884;-4,230991;-3,728294;4,846113;-5,107377;-4,9373;0,09587434;-0,4916605;-3,044947;-1,427877;1,508758;0,7334054;6,463981;-1,213679;3,243507;4,186877;-0,6068239;-3,130958;4,565164;-2,631106;2,031684;1,827953;-2,109985;2,69038;-6,265073;-3,46818;4,342554
32|TOP2|0,1855625|1,894755;-0,3182493;-4,524628;-4,230991;-3,915611;4,826489;-5,107377;-4,9373;-0,3623081;-0,8977326;-2,972064;-1,050919;2,15001;0,997595;6,463981;-1,25247;3,282954;3,865671;-0,9626849;-3,113464;4,565164;-2,618318;2,031684;2,434077;-2,303492;3,100475;-6,265073;-3,256024;4,694774
33|TOP2|0,183969|1,792047;-0,3182493;-4,517275;-4,230991;-3,731475;5,45006;-5,01029;-4,9373;0,09587434;-0,4916605;-3,336831;-1,381506;1,466056;1,128172;6,938021;-1,391514;2,684013;4,347058;-0,4881224;-3,569005;4,565164;-2,628179;2,031684;2,336737;-2,459291;3,206379;-5,853294;-3,072715;4,342554
34|TOP2|0,1815455|1,894755;-0,3407338;-4,751059;-3,947515;-3,915611;4,866221;-4,917204;-4,469471;0,09587434;-0,04236963;-3,336831;-1,554255;1,707222;1,232242;6,237218;-1,213679;2,94838;4,292062;-0,4881224;-2,939482;4,565164;-2,81833;2,236422;2,049523;-2,403572;3,146452;-6,657586;-3,46818;4,342554
35|TOP2|0,1811668|1,539364;-0,6818828;-4,751059;-4,230991;-3,915611;5,015669;-4,6734;-4,9373;-0,1598153;-0,8686137;-2,953187;-1,209636;2,211304;0,997595;6,463981;-1,213679;3,069476;3,430262;-0,2477401;-3,113464;4,565164;-2,648287;2,31563;1,989088;-2,403572;2,992239;-5,945562;-3,607521;3,94351
36|TOP2|0,1806302|2,345679;-0,4932431;-4,751059;-3,910271;-3,915611;5,015669;-5,107377;-4,723124;0,03118345;-0,4916605;-3,336831;-1,636613;1,74729;1,438311;6,463981;-1,213679;3,087266;3,865671;-0,3641045;-3,113464;4,929542;-3,139027;2,031684;2,049523;-2,403572;2,909595;-6,265073;-3,46818;4,706465
37|TOP2|0,18003|2,134344;-0,3182493;-4,829092;-4,230991;-3,905962;5,205263;-5,107377;-4,9373;0,09587434;-0,5704998;-3,167861;-1,244759;1,74729;0,997595;6,463981;-0,7566562;2,922332;4,311957;-0,1863512;-3,113464;4,353045;-2,648287;2,035847;2,049523;-2,403572;2,516454;-6,265073;-3,398951;4,353205
38|TOP2|0,1796548|1,8281;-0,7858966;-4,751059;-4,230991;-3,915611;5,324029;-4,612637;-4,9373;0,4685203;-0,292944;-3,229434;-1,381506;1,74729;0,6319302;6,446032;-1,593521;2,922332;3,546314;-0,7152041;-3,113464;4,344066;-2,704711;1,558778;2,049523;-2,787778;2,909595;-6,652069;-3,46818;4,677473
39|TOP2|0,179361|1,894755;-0,3182493;-4,801921;-4,230991;-3,915611;5,015669;-5,107377;-5,346042;0,09587434;-0,4916605;-2,892797;-1,381506;1,470608;0,997595;6,463981;-1,213679;2,922332;3,865671;-0,4881224;-3,401207;4,565164;-2,648287;2,031684;2,049523;-2,403572;3,146081;-6,253706;-3,46818;4,451401
40|TOP2|0,1782889|1,951475;-0,2594175;-4,559262;-4,144857;-3,915611;5,015669;-4,828478;-4,9373;0,5859885;-0,1105711;-3,336831;-1,381506;1,395794;0,9544421;6,463981;-0,8828843;2,922332;3,865671;-0,4881224;-2,857729;4,94237;-3,108945;2,151568;1,994157;-2,616493;2,781998;-5,949769;-3,379463;4,247578
41|TOP2|0,1781179|1,894755;-0,3182493;-4,751059;-3,958049;-3,991638;5,015669;-5,531205;-4,9373;-0,2833192;-0,130227;-3,297939;-1,776006;1,74729;0,997595;6,463981;-1,213679;2,997225;4,046103;-0,3774114;-3,113464;4,604598;-2,648287;2,031684;1,889982;-2,403572;2,909595;-6,265073;-3,46818;4,054166
42|TOP2|0,1777902|1,518103;-0,3182493;-4,382516;-4,118731;-3,915611;5,015669;-5,289327;-4,700665;-0,3715648;-0,4916605;-3,336831;-1,381506;2,192937;0,997595;6,884646;-1,213679;2,922332;3,418447;-0,4526638;-3,391735;4,565164;-2,176003;2,393629;2,049523;-2,403572;2,909595;-6,265073;-3,451572;4,703503
43|TOP2|0,1762554|1,894755;-0,7210663;-4,751059;-4,230991;-4,291428;5,290098;-5,327859;-4,9373;0,1721176;-0,01768497;-3,084354;-1,347879;1,74729;0,997595;6,517237;-1,213679;2,780678;3,865671;-0,5488092;-3,113464;4,249649;-2,369932;2,031684;2,485184;-2,290414;2,909595;-6,265073;-3,076819;3,904277
44|TOP2|0,1757159|1,779532;-0,02464479;-4,872014;-3,782469;-4,179988;5,015669;-5,107377;-4,9373;0,09540138;-0,4916605;-3,336831;-1,013683;1,74729;1,106122;6,463981;-0,896215;3,267289;4,203939;-0,4881224;-3,564605;4,565164;-2,648287;2,031684;2,049523;-2,403572;2,909595;-6,635664;-3,419136;4,344204
45|TOP2|0,1749908|1,894755;0,1017739;-4,613691;-4,230991;-3,49508;5,232969;-5,107377;-4,9373;0,09587434;-0,03455511;-3,715463;-1,381506;2,163994;0,997595;6,463981;-1,213679;2,922332;3,865671;-0,4881224;-3,379489;4,565164;-2,302345;2,031684;2,049523;-2,061692;2,909595;-6,265073;-3,193681;4,393086
46|TOP2|0,174918|1,903567;-0,4820949;-4,751059;-4,05201;-3,915611;5,44321;-5,107377;-4,9373;0,09587434;-0,951593;-3,336831;-1,502398;1,74729;0,997595;6,084794;-1,034825;2,922332;3,873245;-0,8086049;-2,960157;4,130001;-2,648287;2,249784;1,875813;-2,403572;2,737393;-6,265073;-3,46818;4,342554
47|TOP2|0,1743671|1,740908;-0,3182493;-4,751059;-4,230991;-4,010105;5,015669;-5,093333;-4,907983;0,09587434;-0,4916605;-3,336831;-1,381506;1,658566;1,476641;6,463981;-0,8506117;2,922332;3,467899;-0,005095541;-3,113464;4,653608;-2,943243;2,526227;1,652048;-2,374764;2,909595;-5,7965;-3,46818;4,379439
48|TOP2|0,1731292|1,894755;-0,3182493;-4,29526;-3,996882;-4,413669;5,015669;-5,107377;-5,251257;0,09587434;-0,4916605;-3,336831;-1,381506;1,623646;0,997595;6,463981;-1,213679;2,922332;3,99588;-0,4881224;-3,546312;4,732257;-2,648287;2,031684;2,049523;-2,472463;2,997354;-6,265073;-3,727113;4,342554
49|TOP2|0,1727729|1,780683;-0,3182493;-4,751059;-4,230991;-4,273321;5,015669;-5,107377;-4,9373;0,09587434;-0,4916605;-3,103565;-1,222146;1,74729;1,082983;6,463981;-1,213679;2,922332;4,221609;-0,4881224;-3,113464;4,565164;-2,648287;2,031684;2,049523;-2,785189;2,909595;-6,345459;-3,519393;4,342554
50|TOP2|0,1713979|2,165911;-0,3182493;-4,542735;-4,230991;-3,678533;5,02942;-4,811162;-4,525105;0,09587434;-0,4916605;-3,101635;-1,381506;1,34291;0,9303946;6,463981;-1,213679;3,355291;3,620569;-0,4881224;-3,113464;4,235641;-2,648287;2,031684;2,078451;-2,556742;2,909595;-6,446867;-3,30068;4,150695
51|TOP2|0,1710276|2,048135;-0,3182493;-4,893411;-4,577827;-3,863073;5,015669;-5,107377;-4,9373;0,09587434;-0,1146895;-3,336831;-1,531529;1,74729;0,5371588;6,463981;-1,213679;2,922332;3,865671;-0,5265914;-3,553027;4,65213;-2,648287;1,562757;2,049523;-2,061108;3,010685;-6,182842;-3,46818;4,342554
52|TOP2|0,1699274|1,894755;-0,6160306;-4,751059;-3,960909;-3,915611;5,015669;-5,107377;-4,9373;0,05613801;-0,02259353;-3,336831;-0,9337364;2,205046;0,997595;6,463981;-1,513257;3,159447;3,865671;-0,4881224;-3,044869;4,565164;-2,648287;2,031684;1,883472;-2,700824;3,351598;-6,265073;-3,46818;4,342554
53|TOP2|0,1687457|1,894755;-0,3182493;-4,751059;-4,230991;-3,915611;5,015669;-5,368815;-4,64575;-0,3718272;-0,03376141;-3,336831;-1,65846;1,921402;0,999939;6,42659;-1,213679;3,013569;3,865671;-0,7112644;-3,314596;4,381903;-2,972912;1,925879;2,049523;-2,403572;2,909595;-6,040696;-3,46818;4,695212
54|TOP2|0,1680885|2,191113;-0,3182493;-4,751059;-4,230991;-3,736653;5,370299;-5,107377;-4,521774;-0,3735586;-0,4916605;-3,336831;-1,381506;1,74729;0,7293904;6,463981;-1,213679;3,373544;4,043237;-0,4881224;-3,113464;4,565164;-2,941638;2,031684;2,450222;-2,403572;2,909595;-5,849087;-3,908582;4,342554
55|TOP2|0,1665635|1,629309;-0,2495613;-4,751059;-3,868522;-4,260449;5,404835;-5,475713;-4,61273;-0,2633887;-0,4916605;-3,336831;-1,271936;1,74729;0,9512366;6,463981;-1,213679;2,922332;3,865671;-0,3097467;-2,954695;4,572224;-2,648287;2,031684;2,049523;-2,403572;2,985845;-6,265073;-3,0382;4,342554
56|TOP2|0,1659565|2,223502;-0,3182493;-4,751059;-4,230991;-4,281436;5,26264;-5,107377;-4,9373;0,09587434;-0,08159986;-3,255523;-1,381506;2,068547;0,997595;6,483826;-1,213679;2,922332;3,890457;-0,0295909;-3,393509;4,565164;-2,648287;2,071181;2,049523;-2,403572;2,485888;-6,084256;-3,550405;4,045825
57|TOP2|0,1651652|2,101022;-0,3182493;-4,751059;-4,059759;-3,510707;5,015669;-5,107377;-4,9373;0,09587434;-0,5065514;-3,336831;-1,381506;2,179111;0,997595;6,463981;-1,213679;2,922332;3,865671;-0,4881224;-3,113464;4,565164;-2,648287;1,638428;2,049523;-2,211776;2,909595;-6,265073;-3,284475;4,342554
58|TOP2|0,1651006|1,894755;-0,3182493;-4,751059;-4,230991;-3,915611;5,015669;-5,107377;-4,551844;0,334504;-0,4916605;-3,337213;-1,381506;1,525193;0,997595;6,763629;-1,213679;2,922332;3,865671;-0,8891525;-3,116494;4,565164;-2,648287;2,099474;1,55002;-2,403572;2,909595;-6,32622;-3,140765;4,557166
59|TOP2|0,1649967|2,102507;-0,3182493;-4,985517;-4,230991;-4,357432;5,015669;-5,046154;-5,289777;0,0791299;-0,7245318;-3,336831;-1,563504;1,74729;1,195966;6,437408;-1,18496;2,459174;3,865671;-0,5460352;-3,04925;4,229412;-2,159114;2,031684;2,049523;-2,403572;2,711922;-6,265073;-3,46818;4,342554
60|TOP2|0,1645707|2,142813;-0,3293384;-4,751059;-4,032854;-3,662719;5,015669;-5,143987;-4,9373;0,1972805;-0,4916605;-3,127447;-1,381506;1,275302;0,997595;6,295025;-1,552074;3,0514;4,233517;-0,4881224;-3,113464;4,565164;-3,147209;1,661862;2,049523;-2,403572;3,148402;-6,265073;-3,093904;4,342554
61|TOP2|0,1640381|1,894755;-0,3182493;-4,751059;-4,26556;-4,043719;5,015669;-5,107377;-4,9373;0,4663608;-0,4916605;-3,20421;-1,837021;1,678945;0,997595;6,463981;-0,8416415;2,922332;4,269672;-0,3484218;-3,113464;4,811267;-2,40005;2,236302;2,095439;-2,86502;2,909595;-6,30365;-3,46818;4,105715
62|TOP2|0,1635624|2,101786;-0,64784;-4,751059;-4,230991;-4,358527;4,752522;-5,107377;-5,370705;0,01589212;-0,4916605;-3,336831;-1,381506;1,822309;0,6443436;6,553429;-1,213679;2,922332;3,742401;-0,4881224;-3,460756;4,370202;-2,648287;1,732096;2,097254;-2,403572;2,909595;-6,354821;-3,193293;4,342554
63|TOP2|0,1628118|1,933614;-0,08182056;-4,751059;-3,852494;-3,468103;5,015669;-5,107377;-4,656865;-0,09387365;-0,4916605;-3,02734;-1,182564;1,652514;1,35691;6,463981;-1,293194;2,498282;3,865671;-0,8045591;-3,004513;4,799888;-2,648287;2,031684;2,049523;-2,403572;2,909595;-6,521262;-3,46818;4,256211
64|TOP2|0,162299|1,894755;-0,3182493;-5,15228;-4,230991;-3,915611;5,433005;-5,107377;-4,967294;0,09587434;-0,4916605;-3,336831;-0,9160385;1,74729;0,997595;6,463981;-1,213679;2,922332;3,865671;-0,4881224;-3,113464;4,565164;-2,648287;1,573094;2,049523;-2,403572;2,909595;-6,265073;-3,657903;4,334223
65|TOP2|0,1618715|1,894755;-0,3182493;-4,751059;-3,876869;-4,078052;4,741881;-5,107377;-4,61205;0,09587434;-0,3108091;-3,336831;-1,381506;1,781786;0,856636;6,528316;-1,608167;3,063543;3,927947;-0,4881224;-3,113464;4,674683;-2,800043;2,031684;1,628645;-2,403572;2,909595;-6,60542;-3,0015;4,406391
66|TOP2|0,1597103|1,894755;-0,3182493;-4,524886;-3,76801;-3,915611;5,015669;-5,107377;-4,9373;0,5683498;-0,4916605;-2,87066;-0,9567469;1,941571;0,997595;6,228477;-1,213679;2,922332;3,865671;-0,4881224;-3,113464;4,301569;-2,648287;2,031684;1,843006;-2,403572;2,909595;-6,265073;-3,644976;4,629808
67|TOP2|0,1559606|1,894755;-0,3708365;-4,751059;-4,230991;-4,051024;5,015669;-4,935385;-4,970914;0,09587434;-0,4916605;-3,336831;-1,368327;1,74729;0,997595;6,463981;-1,213679;2,922332;3,865671;-0,8740652;-3,074727;4,565164;-2,648287;1,991145;2,049523;-2,163049;2,412222;-6,265073;-3,605807;3,956186
68|TOP2|0,1556874|2,31351;-0,3182493;-4,751059;-4,230991;-3,915611;5,015669;-4,670589;-5,358741;-0,0924032;-0,8862715;-3,336831;-1,710944;2,090952;1,244724;6,463981;-1,213679;2,921241;3,865671;-0,4881224;-3,113464;4,937927;-2,285738;2,031684;2,252382;-2,608321;2,749778;-6,265073;-3,46818;4,797637
69|TOP2|0,1532848|2,089588;-0,132147;-4,751059;-4,230991;-3,915611;5,277185;-5,107377;-5,289632;0,09587434;-0,4916605;-3,336831;-1,2755;1,779566;1,289057;6,803689;-0,9137548;2,922332;4,209211;-0,447709;-2,749178;4,838431;-2,648287;2,031684;2,049523;-2,68513;3,144308;-6,265073;-3,46818;4,342554
70|TOP2|0,152662|2,068289;-0,1060547;-4,751059;-4,377733;-3,929036;5,015669;-5,107377;-4,9373;0,09587434;-0,6552894;-2,966465;-1,381506;2,123935;0,997595;6,133375;-1,206538;2,922332;4,280379;-0,4881224;-3,113464;4,565164;-2,562334;2,031684;2,190397;-1,948661;2,909595;-5,791422;-3,130353;4,342554
71|TOP2|0,1475234|2,342836;-0,3182493;-4,967084;-4,230991;-4,03945;5,015669;-5,107377;-4,782508;0,09587434;-0,8832985;-3,290442;-1,431093;1,74729;0,997595;6,340264;-1,213679;2,922332;4,051855;-0,4881224;-3,491084;4,55069;-2,648287;1,748695;2,049523;-2,403572;2,942564;-6,265073;-3,46818;4,342554
72|TOP2|0,1456092|1,894755;-0,4762591;-4,751059;-4,230991;-3,915611;5,475166;-4,75023;-4,9373;0,09587434;-0,4916605;-3,336831;-1,381506;1,74729;0,6181503;6,893579;-1,253791;2,922332;3,747172;-0,1112345;-3,442322;4,174019;-2,363169;2,031684;2,049523;-2,403572;3,292349;-6,265073;-3,662983;4,342554
73|TOP2|0,1413874|1,894755;-0,3997123;-4,751059;-4,148425;-3,915611;5,015669;-5,524755;-4,9373;0,09587434;-0,5280184;-3,372687;-1,381506;1,74729;0,8396116;5,986877;-1,012386;2,922332;3,865671;-0,5346966;-3,113464;4,482915;-2,595274;2,392292;1,680173;-2,403572;2,521008;-6,265073;-3,248065;4,342554
74|TOP2|0,1402029|1,894755;-0,3182493;-4,751059;-4,409544;-4,153831;5,118413;-5,233884;-4,570168;0,09587434;-0,4916605;-3,083766;-1,381506;1,74729;0,997595;6,724769;-1,128261;2,922332;3,709915;-0,4881224;-3,113464;4,230486;-2,648287;1,532654;1,866573;-2,403572;2,869761;-6,265073;-3,471765;4,313994
75|TOP2|0,1386125|2,208436;-0,3182493;-4,751059;-4,230991;-3,473711;4,767016;-5,107377;-4,816668;0,09587434;-0,1790536;-3,336831;-1,381506;1,77428;0,5970785;6,463981;-1,213679;2,922332;3,865671;-0,4881224;-3,113464;4,186935;-2,648287;2,407912;1,741695;-2,403572;2,909595;-6,265073;-3,46818;3,84818
76|TOP2|0,07645789|1,61128;-0,3182493;-4,870173;-3,926466;-3,915611;5,015669;-5,184583;-4,9373;0,270927;-0,4916605;-3,336831;-1,851606;1,74729;0,8514408;6,463981;-1,213679;2,922332;3,865671;-0,7942595;-3,113464;4,565164;-2,460609;2,420216;2,049523;-2,403572;3,379981;-6,265073;-3,46818;4,342554
77|TOP2|0,07566868|1,894755;-0,3182493;-4,597182;-4,230991;-3,703052;4,595853;-5,107377;-4,9373;0,09587434;-0,6224027;-3,465959;-1,381506;1,74729;0,997595;6,832328;-1,709183;2,990519;3,865671;-0,4881224;-3,113464;4,186161;-2,648287;2,192109;2,004241;-2,403572;2,924878;-6,013124;-3,46818;3,964551
78|TotallyRandom|0,01729044|1,082656;1,735318;-2,18084;1,396074;-0,260262;4,134468;4,984146;1,737347;-0,9870286;-0,6612058;0,4204993;0,07480431;4,2807;-3,539081;-0,8104463;-4,86305;3,826945;-2,352659;3,843487;2,92488;3,920102;1,814093;-1,154044;2,873591;3,503201;-1,855562;3,382711;-3,026828;4,709878
79|TOP2|0,01501598|1,446779;-0,4356121;-4,718334;-4,230991;-3,915611;5,015669;-5,035338;-4,9373;0,4716473;-0,6008383;-3,760053;-1,381506;1,74729;0,997595;6,463981;-1,213679;2,694426;3,865671;-0,9050115;-2,647847;4,207714;-2,290816;1,889858;2,049523;-1,962709;2,433521;-6,265073;-3,46818;4,342554
80|TOP2|0,01252267|1,894755;-0,5721144;-5,086132;-4,367472;-3,915611;5,015669;-5,107377;-5,186834;0,1274143;-0,5106241;-3,80125;-1,381506;1,74729;1,190348;6,463981;-1,213679;2,922332;3,865671;-0,4881224;-3,113464;4,351303;-2,648287;2,031684;2,049523;-2,520417;2,909595;-6,101802;-3,46818;4,342554
81|TOP2|0,01243595|1,625343;-0,04836994;-5,0862;-4,624316;-3,79835;5,027945;-5,107377;-5,367523;0,09587434;-0,001307756;-3,738158;-1,381506;1,74729;0,997595;6,083186;-1,095006;2,922332;4,270948;-0,6766633;-3,121643;4,875494;-2,973858;2,031684;1