Generation: 13 | maxFitness: 1,746943 | maxFitnessGen: 1,694221 | maxFitnessGenBuf: 1,725503

Index: 0 : 2,262736;1,346583;-1,730313;4,724016;2,234486;-2,312914;3,035857;3,710133;-4,530316;2,485954;-2,464831;-3,89993;4,336642;-1,073736;-4,503118;-1,349608;-3,308233;-1,248775;0,03606914;4,813578;1,070072;3,446034;-2,453151;-1,361312;-0,3783194;1,703294 | Fitness: 1,725503
Index: 1 : 2,262736;1,367081;-1,68568;4,75606;2,234486;-2,312914;3,035857;3,69097;-4,578303;2,485954;-2,494606;-3,858832;4,352921;-1,120294;-4,503118;-1,443627;-3,311936;-1,248775;-0,004652847;4,813578;1,103495;3,428166;-2,445661;-1,337169;-0,3783194;1,703294 | Fitness: 1,720905
Index: 2 : 2,281853;1,364904;-1,68568;4,724016;2,216817;-2,327499;3,037797;3,691064;-4,578303;2,485954;-2,494606;-3,858832;4,363433;-1,120294;-4,539731;-1,384418;-3,307578;-1,248775;0,03606914;4,766743;1,107807;3,458541;-2,445661;-1,352199;-0,3783194;1,703294 | Fitness: 1,70358
Index: 3 : 2,310849;1,370194;-1,715249;4,678399;2,234486;-2,312914;3,033531;3,716987;-4,535998;2,462695;-2,457708;-3,858832;4,352921;-1,120294;-4,482003;-1,399379;-3,287616;-1,24608;-0,002540428;4,880797;1,116271;3,405585;-2,426146;-1,359094;-0,3712454;1,653587 | Fitness: 1,701165
Index: 4 : 2,262736;1,346583;-1,708471;4,724016;2,234486;-2,2781;3,060757;3,708985;-4,609774;2,485954;-2,503071;-3,818192;4,388284;-1,092379;-4,490545;-1,389893;-3,288507;-1,248775;0,03606914;4,813578;1,090975;3,428166;-2,445661;-1,384079;-0,3742251;1,703294 | Fitness: 1,679183
Index: 5 : 2,314032;1,329031;-1,652712;4,678083;2,217964;-2,318716;3,044197;3,663459;-4,620479;2,480888;-2,436238;-3,844399;4,399277;-1,081931;-4,479341;-1,377929;-3,288507;-1,168246;-0,02366641;4,796439;1,116271;3,438109;-2,402845;-1,368059;-0,3783194;1,654928 | Fitness: 1,47932
Index: 6 : 2,262736;1,375189;-1,68568;4,724016;2,234486;-2,312914;3,031733;3,691064;-4,578303;2,485954;-2,494606;-3,858832;4,352921;-1,120294;-4,503118;-1,404128;-3,288507;-1,248775;0,03606914;4,813578;1,111251;3,452164;-2,445661;-1,352199;-0,3877723;1,703294 | Fitness: 1,472112
Index: 7 : 2,262736;1,346583;-1,68568;4,724016;2,207275;-2,312914;3,035857;3,691064;-4,54746;2,45351;-2,494606;-3,858832;4,352921;-1,120294;-4,503118;-1,436901;-3,288507;-1,244384;0,03606914;4,850953;1,148169;3,428166;-2,453518;-1,387275;-0,3911747;1,703294 | Fitness: 1,306645
Index: 8 : 2,316104;1,329031;-1,644235;4,63625;2,217964;-2,318716;3,035857;3,663459;-4,620479;2,485954;-2,452517;-3,858832;4,35088;-1,081931;-4,50823;-1,371324;-3,288507;-1,168246;-0,01485648;4,83257;1,116271;3,438109;-2,452828;-1,368059;-0,3783194;1,635457 | Fitness: 1,305354
Index: 9 : 2,262736;1,312954;-1,639336;4,73549;2,234486;-2,312914;3,035857;3,686369;-4,578303;2,453599;-2,504553;-3,858832;4,352921;-1,120294;-4,503118;-1,399379;-3,247349;-1,248775;-0,007265646;4,787405;1,107807;3,428166;-2,445661;-1,352199;-0,3370915;1,70629 | Fitness: 0,9055153
Index: 10 : 2,293145;1,346583;-1,704889;4,724016;2,261024;-2,312914;3,069707;3,691064;-4,578303;2,485954;-2,492171;-3,812936;4,354719;-1,120294;-4,503118;-1,399379;-3,288507;-1,234742;0,03606914;4,783394;1,107807;3,428166;-2,457856;-1,352199;-0,3365917;1,703294 | Fitness: 0,9052032
Index: 11 : 2,262736;1,346583;-1,68568;4,724016;2,256333;-2,265083;3,035857;3,691064;-4,578303;2,443731;-2,494606;-3,820835;4,352921;-1,120294;-4,485333;-1,399379;-3,291477;-1,284823;0,03606914;4,813578;1,130007;3,378326;-2,445661;-1,352199;-0,4101242;1,703294 | Fitness: 0,8950447
Index: 12 : 2,310655;1,280252;-1,711057;4,724016;2,246728;-2,333146;3,035857;3,623704;-4,578303;2,467613;-2,479997;-3,906415;4,330583;-1,097936;-4,503118;-1,399379;-3,288507;-1,210781;0,03606914;4,822549;1,154821;3,443084;-2,468558;-1,434792;-0,395078;1,649468 | Fitness: 0,8401595
Index: 13 : 2,262736;1,346583;-1,68568;4,724016;2,269377;-2,312914;3,035857;3,726851;-4,578303;2,485954;-2,494606;-3,858832;4,352921;-1,120294;-4,503118;-1,429401;-3,288507;-1,248775;0,03606914;4,829475;1,107807;3,423817;-2,445661;-1,352199;-0,4163704;1,725006 | Fitness: 0,8382362
Index: 14 : 2,157042;2,999113;-3,448204;1,575274;3,204751;-1,315353;0,1444263;-3,119297;4,596924;4,98671;-1,475471;2,742971;4,883051;-2,048811;2,730656;-0,8294563;3,287119;2,967649;2,305933;-2,924601;3,442341;0,4253955;-3,515308;-2,604616;0,2126412;-1,24362 | Fitness: 0,5591218
Index: 15 : 1,325148;-2,330927;0,4714637;4,196994;4,707418;3,523046;0,5247493;-4,004911;1,021113;-0,7693701;1,126444;-2,268126;-4,98217;2,651187;4,615728;-4,878436;-1,590758;-2,740221;-4,4333;4,963532;-3,861097;0,6819181;1,996628;-2,492128;1,612497;-2,561336 | Fitness: 0,4180464
Index: 16 : 2,532182;0,4943104;4,945336;-1,968393;1,219096;1,670787;3,278511;4,951612;1,142279;3,077707;0,9048624;4,01011;-4,027005;2,558032;2,910551;3,247482;-2,449853;-2,526528;-0,9528513;2,568451;-0,9922717;-4,751124;-3,827437;2,682939;-0,05016116;3,562268 | Fitness: 0,3941006
Index: 17 : -2,063517;-0,09955597;4,070059;4,98403;1,208325;1,253247;-2,059956;-2,135339;1,113346;-3,06075;-0,2961464;3,250276;-3,08133;-0,1489253;-4,250389;-2,379739;0,4208488;-3,812231;-2,173507;2,599375;2,109015;0,9838696;-2,871443;-2,129212;1,574805;2,47184 | Fitness: 0,3684348
Index: 18 : 2,881775;-3,051039;-1,999435;-3,1535;-1,22981;0,9593134;-0,8808513;2,239524;3,192782;-2,545358;2,422656;-2,92767;0,9035261;-3,464956;-0,2164679;-4,11357;0,2921872;3,479634;-2,929027;0,2638988;1,060171;0,962997;0,8151073;-0,7081513;0,4533221;4,963302 | Fitness: 0,3678303
Index: 19 : 1,846279;-4,677077;0,1627665;4,702273;1,510091;-1,727516;-2,739491;-1,574679;-1,819202;-3,803309;4,862928;2,284069;1,127085;2,346153;-0,9295816;-2,345666;3,982921;-4,374227;-0,6577582;4,481021;-4,661436;3,420682;-2,79819;1,049777;3,281136;-4,57561 | Fitness: 0,3671415
Index: 20 : 3,891945;-0,4654903;-4,169724;-0,9819012;-3,738682;-1,941581;2,973089;-3,06841;1,292826;3,766737;-4,452765;-4,530372;2,48579;0,8229737;1,365292;0,4376836;-1,261143;-2,505028;4,530578;-0,8655901;-1,803004;-1,396437;0,08195829;3,666611;2,909985;2,57825 | Fitness: 0,366331
Index: 21 : 4,201477;2,61076;-1,514328;-0,1449747;0,04490795;0,2730484;-1,493776;-0,9970384;0,7873349;-4,060644;-4,072564;-0,1698904;4,887964;0,7058091;0,9521694;-4,093048;0,451407;-4,279484;-4,029348;2,391903;0,5829318;-1,605103;3,703734;3,220474;4,390043;0,6844461 | Fitness: 0,3630098
Index: 22 : 2,177959;-0,468996;-1,241856;1,334053;4,404294;4,955901;3,505547;-3,789968;3,868752;-4,175634;-3,762818;-4,444871;-3,730528;-3,720476;-3,407182;3,432888;1,007908;4,127935;-4,353909;2,560971;3,613136;-0,5943637;-1,670893;4,515872;-0,5299301;2,807902 | Fitness: 0,3574346
Index: 23 : -3,704351;0,9318252;-4,551188;-3,791865;-3,792574;-0,8502418;-1,499693;-2,855397;-1,79663;-1,901284;0,02839375;-4,914713;-2,534965;-0,9122033;-0,1982279;1,241602;-4,787365;-4,239206;3,35232;1,30859;1,102339;-4,212252;-1,35391;0,2939086;-1,780727;0,1570134 | Fitness: 0,339306
Index: 24 : -0,7942801;2,502018;-1,807525;-1,927342;0,7317882;-0,8800304;-4,535227;-4,466508;-1,477631;2,768086;4,275219;0,1735391;-0,40813;-0,806738;-3,2576;-0,9554296;4,709148;2,578653;4,609258;3,543878;-4,997464;-1,86356;-4,416385;4,659206;-0,2632495;-2,292659 | Fitness: 0,3144009
Index: 25 : 2,004602;-3,685037;2,625117;-2,593211;3,483897;0,5371408;1,044219;4,742485;3,840667;0,9239907;-2,129173;-1,211373;2,517018;2,547398;1,476226;0,9870524;1,751115;3,963021;0,8771462;-0,02216291;3,80664;-1,243361;-1,582686;3,974108;-0,8476539;0,0394063 | Fitness: 0,289714
Index: 26 : 2,689829;0,8371563;4,874837;-1,249456;-3,492861;-3,493049;-3,341324;0,1551456;2,338709;-1,118119;3,293138;-1,03846;-1,364517;-2,79645;-4,662284;-0,3991933;-4,356728;-3,32848;-1,492636;-0,2110057;-1,546804;3,832917;0,5405159;2,539539;-3,653576;3,274863 | Fitness: 0,2776288
Index: 27 : -3,170634;-1,200916;1,689907;1,919181;-2,337594;3,612578;-2,003529;1,972158;-1,923495;-2,675476;0,09131002;-2,081254;-3,163978;3,264009;-0,7185106;1,779126;0,01983213;2,998052;1,376145;2,85697;4,78183;-3,147134;-4,894381;2,303627;-3,132799;-1,784654 | Fitness: 0,2768865
Index: 28 : 0,1516109;-2,009792;-4,068331;-1,609955;4,623987;4,517426;-4,040785;2,571479;-2,214289;0,824048;0,2928309;3,388144;0,5162711;1,295405;-1,414463;0,5967169;4,493868;-2,7