Generation: 41 | maxFitness: 1,960886 | maxFitnessGen: 1,75107 | maxFitnessGenBuf: 1,726312
N TotallyRandom: 10 | N RandomParents: 10 | N Top2: 10 | Min Mutation: 0,5

Index: 0 | Name: car 20 | Brain Type: TOP2 | Fitness: 1,726312 | BrainData : 1,662879;2,640908;3,335666;-2,721395;-2,471067;0,7792607;-1,186514;-4,679754;-3,224494;1,311178;-3,520178;2,613962;-1,892827;3,176183;4,141226;-2,453208;-3,508946;0,5950938;-1,219438;-2,810034;-1,350792;0,2871437;1,205726;4,930349;-0,5816671;3,737271
Index: 1 | Name: car 21 | Brain Type: TOP2 | Fitness: 1,726063 | BrainData : 1,700723;2,640908;3,299843;-2,721395;-2,471067;0,8517382;-1,186514;-4,707701;-3,256315;1,33873;-3,477568;2,660351;-1,915354;3,195442;4,158078;-2,453208;-3,508946;0,5950938;-1,17563;-2,781365;-1,31783;0,2388826;1,225644;4,910677;-0,5883425;3,737271
Index: 2 | Name: car 27 | Brain Type: TOP2 | Fitness: 1,693671 | BrainData : 1,662879;2,649144;3,309633;-2,707026;-2,471067;0,8150892;-1,186514;-4,694371;-3,224494;1,33873;-3,520178;2,709671;-1,909754;3,176183;4,141226;-2,453208;-3,462562;0,6153294;-1,219438;-2,781365;-1,31783;0,2388826;1,290458;4,889096;-0,5883425;3,785673
Index: 3 | Name: car 23 | Brain Type: TOP2 | Fitness: 1,686763 | BrainData : 1,662879;2,640908;3,299212;-2,721395;-2,471067;0,8550868;-1,186514;-4,707701;-3,224494;1,347359;-3,520178;2,663249;-1,857478;3,169853;4,132184;-2,459718;-3,462763;0,6178902;-1,216289;-2,781365;-1,357394;0,257326;1,195068;4,889096;-0,5883425;3,743063
Index: 4 | Name: car 28 | Brain Type: TOP2 | Fitness: 1,677614 | BrainData : 1,618906;2,640908;3,333429;-2,729475;-2,471067;0,8494225;-1,186514;-4,707701;-3,257386;1,376222;-3,48284;2,654268;-1,839943;3,176183;4,141226;-2,453208;-3,508946;0,5950938;-1,206596;-2,781365;-1,31783;0,2388826;1,247072;4,881444;-0,5883425;3,761279
Index: 5 | Name: car 29 | Brain Type: TOP2 | Fitness: 1,659335 | BrainData : 1,662879;2,640908;3,253919;-2,758741;-2,422592;0,8150892;-1,149631;-4,670348;-3,241818;1,341788;-3,520178;2,658992;-1,865998;3,176183;4,141226;-2,473695;-3,508946;0,5786403;-1,248063;-2,818391;-1,341522;0,2388826;1,240739;4,889096;-0,5883425;3,764172
Index: 6 | Name: car 26 | Brain Type: TOP2 | Fitness: 1,639613 | BrainData : 1,662879;2,640908;3,299843;-2,714018;-2,471067;0,8150892;-1,186514;-4,707701;-3,256213;1,33873;-3,520178;2,663249;-1,842221;3,176183;4,167736;-2,446549;-3,522083;0,5950938;-1,219438;-2,781365;-1,287883;0,2388826;1,240739;4,92919;-0,5883425;3,737271
Index: 7 | Name: car 5 | Brain Type: RandomParents | Fitness: 1,529861 | BrainData : 1,689432;2,640908;3,278497;-2,758456;-2,447159;0,7953621;-1,190137;-4,728264;-3,247693;1,311187;-3,520178;2,627781;-1,904277;3,217494;4,161568;-2,495841;-3,433982;0,5711995;-1,18767;-2,833426;-1,31783;0,2580374;1,304861;4,8714;-0,5883425;3,737271
Index: 8 | Name: car 7 | Brain Type: RandomParents | Fitness: 1,524449 | BrainData : 1,638076;2,64262;3,3079;-2,753144;-2,512201;0,8169962;-1,251327;-4,754732;-3,193696;1,33873;-3,558807;2,627781;-1,893636;3,188687;4,213849;-2,481737;-3,479689;0,6267392;-1,211047;-2,750488;-1,227472;0,2589256;1,211001;4,858845;-0,5883425;3,780808
Index: 9 | Name: car 22 | Brain Type: TOP2 | Fitness: 1,441891 | BrainData : 1,646325;2,640908;3,311018;-2,721395;-2,471067;0,8150892;-1,186514;-4,730619;-3,273582;1,365493;-3,520178;2,632452;-1,902532;3,176183;4,141226;-2,423081;-3,508946;0,5950938;-1,219438;-2,792955;-1,31783;0,2731355;1,240739;4,906942;-0,5883425;3,709329
Index: 10 | Name: car 2 | Brain Type: RandomParents | Fitness: 1,43023 | BrainData : 1,650323;2,64262;3,319586;-2,731385;-2,537562;0,7871416;-1,239163;-4,752879;-3,221699;1,299478;-3,598561;2,627781;-1,893636;3,188687;4,217532;-2,529046;-3,524958;0,5591499;-1,182997;-2,791159;-1,239582;0,2744272;1,171565;4,849128;-0,60813;3,758596
Index: 11 | Name: car 24 | Brain Type: TOP2 | Fitness: 0,6805382 | BrainData : 1,662879;2,63777;3,299843;-2,718743;-2,439014;0,8150892;-1,172438;-4,707701;-3,224494;1,33873;-3,489993;2,673261;-1,904247;3,176183;4,141226;-2,453208;-3,508946;0,588129;-1,219438;-2,781365;-1,31783;0,1898254;1,240739;4,889096;-0,6284602;3,737271
Index: 12 | Name: car 25 | Brain Type: TOP2 | Fitness: 0,6047305 | BrainData : 1,633481;2,640908;3,340165;-2,721395;-2,471067;0,8015245;-1,156633;-4,721277;-3,210132;1,33873;-3,55476;2,617147;-1,874071;3,176183;4,115242;-2,451987;-3,51505;0,6255983;-1,250417;-2,781365;-1,356203;0,2388826;1,240739;4,889096;-0,6336064;3,737743
Index: 13 | Name: car 13 | Brain Type: TotallyRandom | Fitness: 0,5338848 | BrainData : -1,997077;-2,187898;-2,84279;2,233993;-0,352953;-3,103254;-4,257042;3,091797;-0,8453398;-4,119939;-3,241448;4,690611;-0,7746749;2,195718;-3,208123;-1,36151;-3,524791;1,836084;-1,576159;3,961401;2,11735;-2,792648;-4,105116;-3,688001;1,779182;-4,150609
Index: 14 | Name: car 18 | Brain Type: TotallyRandom | Fitness: 0,3361003 | BrainData : -4,210887;3,003508;-4,870819;0,8672576;-1,569987;3,333528;3,516401;2,248641;-0,7800908;-0,07916975;4,243761;0,6654005;4,660182;0,3197246;-0,1132126;3,537775;2,644813;-3,309549;-2,11359;0,08962584;-3,358339;0,2173047;0,02826166;-0,7470317;0,3411527;1,875707
Index: 15 | Name: car 6 | Brain Type: RandomParents | Fitness: 0,3043733 | BrainData : -3,978561;-0,9841256;3,707676;-2,882116;3,161222;0,3846889;-4,892349;-2,439001;3,204259;-1,079754;-2,074862;0,8392742;-1,273043;-4,469533;1,951245;-1,956934;0,4378719;-3,409264;0,2708097;-1,871362;1,782012;2,362255;2,48219;-1,596248;0,2965028;1,280787
Index: 16 | Name: car 15 | Brain Type: TotallyRandom | Fitness: 0,3024212 | BrainData : -4,640174;-4,083458;-0,6982474;-3,325662;-2,965485;2,812383;3,841202;2,689478;3,493639;-4,946761;2,820107;-2,906604;1,847166;2,310348;-2,236495;0,03136921;-3,246169;4,602611;1,594301;2,089145;0,4212947;-4,345294;-0,7067389;2,690105;2,637006;-3,884592
Index: 17 | Name: car 1 | Brain Type: RandomParents | Fitness: 0,2728836 | BrainData : 4,320013;-2,340142;1,823014;3,779853;-3,782346;2,255;-4,140125;-0,1804957;-0,010002;-3,572967;0,8207421;1,686673;-0,5091658;4,644748;3,121445;1,695382;-3,4822;1,05489;4,196366;3,229156;0,8867164;0,5785913;-3,253537;4,386209;2,175545;-4,283875
Index: 18 | Name: car 0 | Brain Type: RandomParents | Fitness: 0,2721143 | BrainData : -1,689593;1,319971;1,971031;-3,684929;3,798631;-4,688802;2,754522;-4,640587;-0,2176838;-3,677361;4,4905;-1,184865;-3,99091;-0,9691219;2,036251;-2,134525;1,160398;-4,802465;0,5839415;1,422541;2,35507;-1,978176;1,01443;-3,89462;3,416677;0,5226402
Index: 19 | Name: car 14 | Brain Type: TotallyRandom | Fitness: 0,2720651 | BrainData : 3,924849;-2,966295;-3,603331;1,032055;-0,2644186;-3,85378;-4,040668;1,637255;-3,068508;-1,432279;-2,253174;4,549928;0,6060939;-3,827733;-3,229624;4,408463;3,295459;-3,506605;3,693722;-4,991694;3,274041;3,32589;-3,788994;-0,5792899;1,949216;-0,008918762
Index: 20 | Name: car 3 | Brain Type: RandomParents | Fitness: 0,2715851 | BrainData : -3,132816;4,513564;-4,769431;-4,67457;1,528505;-1,473475;-1,695178;1,413267;-2,494824;3,189383;3,769147;-2,605432;1,224874;-3,200468;2,092286;-0,3873241;-1,209916;3,702487;-1,476717;3,5534;-3,328943;-4,57174;2,43021;3,412523;2,265077;3,751609
Index: 21 | Name: car 9 | Brain Type: RandomParents | Fitness: 0,2710326 | BrainData : 0,8204584;1,634389;2,841195;4,888764;-2,267156;-1,102899;2,956473;3,183999;-1,205303;1,764452;3,607189;-2,162304;0,7621673;-2,825223;2,78537;4,066255;-1,605683;0,8852141;-0,4570076;-2,544453;-2,099334;1,937605;4,100114;2,837972;2,237746;1,393002
Index: 22 | Name: car 11 | Brain Type: TotallyRandom | Fitness: 0,2705939 | BrainData : 3,308702;2,298405;-0,274406;-4,711446;-1,810174;-4,980107;2,244216;1,372982;1,060091;3,959003;0,7725925;1,139062;1,470419;2,472327;-0,7407861;3,874258;1,077632;2,732176;0,4079599;2,709656;2,616812;2,456404;2,723642;-2,957602;4,008866;1,775331
Index: 23 | Name: car 19 | Brain Type: TotallyRandom | Fitness: 0,246741 | BrainData : 0,1224036;-1,556422;1,423291;4,346876;3,303834;-1,463685;4,233822;0,4122944;0,7006793;1,479947;0,007142544;-4,695259;-3,148975;3,165589;2,17379;-2,559867;0,735137;1,12695;0,7748775;-4,67373;-2,527579;0,6377454;3,686032;-3,78368;-1,719447;4,564738
Index: 24 | Name: car 12 | Brain Type: TotallyRandom | Fitness: 0,2435506 | BrainData : 1,531176;-0,153194;1,339643;3,030407;-3,314562;3,42585;-1,45103;-1,395631;-2,154057;-2,576869;4,609369;4,526131;0,6421609;4,409687;0,5324607;1,172824;2,833027;-0,9019499;4,630198;3,975504;-1,073394;0,6992679;-4,755578;-1,329625;-1,084795;-3,277117
Index: 25 | Name: car 10 | Brain Type: TotallyRandom | Fitness: 0,2185304 | BrainData : 1,716207;1,410416;2,442737;-2,906287;-4,177505;-4,500355;0,9095674;-1,236269;-3,388182;2,076262;3,829321;-3,829078;-0,5575628;0,7143874;-3,117237;3,184656;-3,848101;2,766863;0,1329298;1,003136;-2,617129;-0,02983761;-3,822291;1,72476;-2,794567;-0,9999518
Index: 26 | Name: car 17 | Brain Type: TotallyRandom | Fitness: 0,2168117 | BrainData : -4,941364;-4,705017;-0,4553695;2,719696;2,385185;-1,275732;3,340949;-3,938639;3,709324;-1,149413;1,973088;-4,164618;0,2539535;2,922266;4,856938;0,5244036;0,8155065;-1,652904;0,8400936;0,5396228;3,746222;4,931705;-3,118908;0,001599312;-0,3901772;-3,161482
Index: 27 | Name: car 4 | Brain Type: RandomParents | Fitness: 0,2143086 | BrainData : 2,725626;-3,387367;3,749629;-4,959935;-1,39081;3,476228;4,631159;-0,8743427;0,002349477;1,366306;2,890837;-3,583119;4,154695;-3,735211;1,665429;-2,802696;2,919779;-1,024099;2,580193;-3,422989;-3,694754;3,71738;-2,650329;-3,778072;-4,356704;3,321065
Index: 28 | Name: car 30 | Brain Type: RandomParents | Fitness: 0,211106 | BrainData : -2,728854;-3,425921;-1,221204;0,7417269;3,581733;-3,940529;-0,7702441;-3,539191;-1,557579;0,7823663;3,839735;2,072778;-1,435828;-4,061943;-2,719506;0,8453221;1,935339;-4,240425;4,556795;1,392335;2,176472;4,676105;-3,230264;-4,050676;-2,701663;-0,2379375
Index: 29 | Name: car 8 | Brain Type: RandomParents | Fitness: 0,2089563 | BrainData : 0,2863512;1,377529;-0,2358169;-0,7282877;0,6360373;3,672617;4,476815;-4,37381;1,78746;-3,004535;-4,378731;-1,484106;0,878688;-4,011721;1,095859;2,304159;-3,111188;3,351316;1,82074;-1,97119;1,441354;4,171311;-3,234449;0,9209614;-4,23097;0,2990718
Index: 30 | Name: car 16 | Brain Type: TotallyRandom |