Generation: 30 | maxFitness: 1,960886 | maxFitnessGen: 1,782613 | maxFitnessGenBuf: 1,895125
N TotallyRandom: 10 | N RandomParents: 10 | N Top2: 10 | Min Mutation: 0,5

Index: 0 | Name: car 24 | Brain Type: TOP2 | Fitness: 1,895125 | BrainData : 1,674112;2,673043;3,230982;-2,767252;-2,406968;0,8477575;-1,219248;-4,840399;-3,289949;1,334144;-3,477561;2,770573;-1,903475;3,160557;4,089202;-2,559261;-3,366024;0,7105581;-1,287543;-2,784985;-1,381379;0,27788;1,287377;4,780923;-0,5783452;3,651435
Index: 1 | Name: car 25 | Brain Type: TOP2 | Fitness: 1,893773 | BrainData : 1,693386;2,62631;3,230982;-2,767252;-2,406968;0,8161758;-1,193064;-4,796484;-3,257753;1,381531;-3,429384;2,749934;-1,875478;3,189324;4,089202;-2,600175;-3,37282;0,7055892;-1,286067;-2,769202;-1,381379;0,2900024;1,287377;4,780923;-0,5783452;3,656247
Index: 2 | Name: car 28 | Brain Type: TOP2 | Fitness: 1,884522 | BrainData : 1,674112;2,652431;3,198269;-2,744277;-2,408921;0,8039721;-1,176487;-4,839212;-3,289949;1,410638;-3,497932;2,769104;-1,903475;3,193802;4,103962;-2,600175;-3,366024;0,6409312;-1,286067;-2,769339;-1,381379;0,2900024;1,314631;4,780923;-0,5783452;3,698912
Index: 3 | Name: car 22 | Brain Type: TOP2 | Fitness: 1,865533 | BrainData : 1,674112;2,595203;3,207207;-2,801147;-2,406968;0,7775602;-1,175764;-4,830171;-3,289949;1,381531;-3,477561;2,751019;-1,937766;3,1908;4,107712;-2,600175;-3,366024;0,6337566;-1,286067;-2,777968;-1,349019;0,2609276;1,322928;4,780923;-0,5783452;3,691146
Index: 4 | Name: car 20 | Brain Type: TOP2 | Fitness: 1,827909 | BrainData : 1,674112;2,62631;3,184526;-2,767252;-2,423192;0,7993966;-1,175945;-4,794775;-3,289949;1,374986;-3,492843;2,769104;-1,921529;3,165392;4,089202;-2,600175;-3,366024;0,6567229;-1,273646;-2,769202;-1,391755;0,2567042;1,252844;4,767422;-0,5783452;3,651435
Index: 5 | Name: car 23 | Brain Type: TOP2 | Fitness: 1,8043 | BrainData : 1,631035;2,62631;3,221134;-2,771566;-2,406968;0,8161758;-1,175945;-4,816397;-3,289949;1,374039;-3,477561;2,769104;-1,903475;3,160557;4,133641;-2,592938;-3,366024;0,7144473;-1,3286;-2,815346;-1,428338;0,2783008;1,287377;4,780923;-0,5783452;3,698409
Index: 6 | Name: car 9 | Brain Type: RandomParents | Fitness: 1,768951 | BrainData : 1,678812;2,671821;3,279917;-2,713975;-2,406968;0,8015376;-1,231078;-4,792086;-3,290836;1,372193;-3,489017;2,841007;-1,889948;3,205258;4,129652;-2,57852;-3,453157;0,6362126;-1,353723;-2,787875;-1,385403;0,3323684;1,22142;4,725085;-0,5746755;3,643982
Index: 7 | Name: car 29 | Brain Type: TOP2 | Fitness: 1,742472 | BrainData : 1,674922;2,576545;3,230982;-2,767252;-2,406968;0,8161758;-1,175945;-4,788988;-3,289949;1,370423;-3,452286;2,729114;-1,911521;3,160557;4,056056;-2,613072;-3,366024;0,6758046;-1,259853;-2,769202;-1,424665;0,2900024;1,287377;4,809764;-0,5783452;3,651435
Index: 8 | Name: car 27 | Brain Type: TOP2 | Fitness: 1,644912 | BrainData : 1,668091;2,615376;3,230982;-2,767252;-2,406968;0,8010756;-1,188352;-4,796484;-3,289949;1,376674;-3,454686;2,72829;-1,896344;3,144674;4,078863;-2,600175;-3,366024;0,6758046;-1,2949;-2,769202;-1,35682;0,2676407;1,287377;4,780923;-0,5886739;3,676078
Index: 9 | Name: car 26 | Brain Type: TOP2 | Fitness: 0,7732946 | BrainData : 1,633288;2,663074;3,18913;-2,767252;-2,415922;0,8161758;-1,175945;-4,834324;-3,294819;1,353523;-3,477561;2,769104;-1,886304;3,160557;4,089202;-2,600175;-3,366024;0,716996;-1,274907;-2,731884;-1,344974;0,2900024;1,287377;4,745828;-0,6031867;3,61758
Index: 10 | Name: car 3 | Brain Type: RandomParents | Fitness: 0,7052296 | BrainData : 1,598846;2,688814;3,279979;-2,738537;-2,39732;0,7966301;-1,148507;-4,719335;-3,255226;1,372193;-3,622476;2,809417;-1,856302;3,173016;4,146884;-2,602449;-3,37586;0,6599324;-1,321014;-2,769202;-1,367756;0,319131;1,284756;4,676137;-0,5350827;3,667162
Index: 11 | Name: car 21 | Brain Type: TOP2 | Fitness: 0,6254902 | BrainData : 1,680437;2,578134;3,230982;-2,726802;-2,406968;0,8161758;-1,223861;-4,796484;-3,289949;1,381531;-3,44224;2,790301;-1,903475;3,202315;4,089202;-2,578104;-3,366024;0,7203004;-1,326977;-2,769202;-1,381379;0,3190147;1,287377;4,780923;-0,6158652;3,616653
Index: 12 | Name: car 18 | Brain Type: TotallyRandom | Fitness: 0,5881359 | BrainData : -2,244102;-1,055433;0,08307171;4,952413;1,877662;-2,603868;-3,710913;1,860066;4,918121;-4,199452;1,715621;2,842754;1,627153;2,072093;4,956402;-3,850454;-2,117601;4,87905;0,6834192;-3,43545;1,44373;0,5323501;-3,936358;-4,849363;2,25785;-4,026026
Index: 13 | Name: car 0 | Brain Type: RandomParents | Fitness: 0,4329605 | BrainData : 4,417991;1,425946;2,063435;-3,19196;-3,025092;0,5323844;-4,460515;-0,8920856;4,738312;0,8263059;2,735242;-0,9293599;-0,09373951;-3,861204;3,261864;2,178141;1,967536;-4,113497;0,6636853;-0,3179259;4,733815;0,08137274;4,10583;-0,401185;0,4018826;-4,259337
Index: 14 | Name: car 19 | Brain Type: TotallyRandom | Fitness: 0,427137 | BrainData : -3,677064;4,168317;2,316061;3,770283;-0,8080225;-2,900591;2,956033;-4,750198;2,32761;-1,274996;0,7385559;-1,223487;-3,589878;3,088878;2,793156;4,761064;1,156919;4,845768;-0,6470709;-4,779768;1,057949;-1,629091;-3,852835;-0,2685337;3,805118;-4,735544
Index: 15 | Name: car 1 | Brain Type: RandomParents | Fitness: 0,3733187 | BrainData : -0,03312168;-4,007746;-3,672758;-4,728595;2,336047;-1,073187;-3,252957;-4,530993;-1,918337;2,971792;4,126606;4,287235;-3,210938;4,279705;-1,543455;-0,8591752;-1,055403;-3,288316;4,239466;-0,0906353;-4,803497;2,198204;-1,279184;2,26335;0,0627162;2,239108
Index: 16 | Name: car 8 | Brain Type: RandomParents | Fitness: 0,3730634 | BrainData : 4,043333;1,455886;-2,165155;4,212198;2,675747;-4,087566;-1,692888;1,931758;3,888531;1,909446;-4,796387;-0,006330637;-4,69405;3,170346;-1,169867;-0,05086938;1,85068;-4,175548;-4,266544;-3,530252;2,597926;3,125445;-3,448922;2,550146;0,1703776;1,32491
Index: 17 | Name: car 16 | Brain Type: TotallyRandom | Fitness: 0,3692868 | BrainData : -2,372797;-1,072995;-1,851668;-1,132056;-1,132657;4,136426;3,952785;0,3624053;1,844438;-4,501915;2,304186;-3,893806;3,188708;4,038062;1,852998;-1,928625;-0,5343537;3,190449;3,256655;-2,148412;-2,496788;-0,556901;-3,380295;1,633202;-0,1508217;3,6545
Index: 18 | Name: car 13 | Brain Type: TotallyRandom | Fitness: 0,3567548 | BrainData : -4,266585;-4,424688;4,863068;0,8955045;-3,16291;-4,01375;-4,764437;1,691035;-0,2706547;-0,3484159;-1,124336;-3,937798;2,70143;-0,5781083;3,419451;-2,570593;-1,963505;-4,878863;4,81669;-3,319385;0,287848;2,09614;2,050421;-0,6999488;-0,5257077;1,270275
Index: 19 | Name: car 6 | Brain Type: RandomParents | Fitness: 0,343956 | BrainData : 3,124272;-4,937692;-4,594667;3,911753;-3,450813;-0,7391448;-1,791896;-2,391116;-3,611545;0,3200471;0,2386944;0,1095453;-1,559514;1,110639;-2,161848;0,7896731;4,438152;-1,643222;2,441053;-4,607153;2,212785;-3,659934;-4,1473;4,178051;1,162403;0,3214267
Index: 20 | Name: car 7 | Brain Type: RandomParents | Fitness: 0,3421999 | BrainData : -4,765875;0,5488202;-4,2784;0,6093736;-1,137755;-2,301913;-3,328845;-0,7285157;-3,999671;4,381041;1,687546;-1,429426;-3,119081;1,986546;2,848955;-0,6221528;-0,01949024;0,5460246;-2,914819;-2,160441;0,9217117;4,429664;1,978335;3,832204;0,774303;2,38229
Index: 21 | Name: car 10 | Brain Type: TotallyRandom | Fitness: 0,3410351 | BrainData : -2,416375;-3,961933;-3,791162;2,055991;2,989773;-1,854422;-2,632213;1,738766;-3,868997;-4,026803;4,357154;3,701426;-2,226892;-2,622529;-0,722404;-4,060964;-3,361599;3,049575;0,7481127;4,952966;0,5063958;3,399385;-4,889273;-1,255047;3,14848;3,029676
Index: 22 | Name: car 17 | Brain Type: TotallyRandom | Fitness: 0,3408164 | BrainData : -3,804178;4,476768;-1,471155;-0,06644297;4,317038;-0,306397;-0,2327652;-2,364219;-0,5425076;-3,338076;2,062038;-4,548198;0,6242638;4,358932;-3,370297;-3,671231;-0,806747;1,182929;-1,919549;3,673011;4,28474;3,932425;-4,226727;-2,077918;2,218991;-0,6017346
Index: 23 | Name: car 14 | Brain Type: TotallyRandom | Fitness: 0,340787 | BrainData : 1,48882;-3,532367;-1,901975;4,324314;-1,451685;-4,9506;-2,733766;2,652053;-2,512359;-2,937655;-3,211513;3,32777;-1,917853;0,9382467;-4,030805;-4,233446;3,212126;-3,344556;2,4849;2,236614;-0,8759398;-3,682384;0,8214073;3,414276;3,473834;3,282225
Index: 24 | Name: car 4 | Brain Type: RandomParents | Fitness: 0,3407212 | BrainData : 3,530241;-3,320917;-2,664718;-3,397882;4,076784;4,554173;0,133739;-1,374349;2,189325;-4,610137;-3,913491;0,3258033;-0,2356977;-4,507261;-3,301804;-0,351934;-3,294122;2,466316;-2,273372;2,391666;-1,162703;-1,970203;3,155237;4,579151;2,079182;2,815547
Index: 25 | Name: car 5 | Brain Type: RandomParents | Fitness: 0,3406764 | BrainData : -3,326256;1,79568;-3,69589;2,663741;2,040427;-0,1990132;3,368746;-3,541979;-0,7428136;2,565939;1,099353;-3,184211;3,848563;1,305214;0,8151097;1,314347;3,686579;-4,604366;-1,838514;-3,343425;2,760847;3,318025;0,9302335;-0,2635722;2,523621;1,867473
Index: 26 | Name: car 12 | Brain Type: TotallyRandom | Fitness: 0,2656144 | BrainData : 0,3664107;3,066463;0,6813889;-4,675154;-2,110732;3,807183;-4,927373;-1,869672;-0,357831;2,380332;-4,609202;-2,718391;2,796457;3,717783;-0,3037281;1,528434;-1,428718;-3,079891;-2,044828;-3,947091;-1,808543;-4,398374;0,8204885;3,212713;-2,538777;-1,241587
Index: 27 | Name: car 11 | Brain Type: TotallyRandom | Fitness: 0,2633151 | BrainData : 4,114829;-3,947136;-0,450037;2,684808;-0,2313094;3,041993;-1,973861;-3,823901;3,554915;0,4713111;3,153982;2,285314;-3,368889;-4,2525;-2,386992;3,364694;-0,8721452;-1,684501;1,991522;0,4981537;4,025484;-2,104235;-4,912985;-0,3908272;-3,832524;1,523744
Index: 28 | Name: car 2 | Brain Type: RandomParents | Fitness: 0,2458438 | BrainData : 2,046861;0,9096856;3,920547;0,3265068;-0,8210588;-1,04733;0,3134916;0,2629785;-1,979286;-3,545752;-1,013967;4,850281;-0,4844432;4,079072;0,5149622;-0,7425333;3,861053;-3,558333;4,725219;0,7338425;-4,067385;3,43133;0,6476564;-3,566705;-4,828099;-0,8380408
Index: 29 | Name: car 15 | Brain Type: TotallyRandom | Fitness: 0,2441959 | BrainData : 4,982982;-4,631782;-0,763113;3,127046;3,25312;-4,207243;-3,911745;-3,576306;2,289181;-1,174379;-2,566022;-4,400054;-4,799094;-1,155677;3,822981;-1,703705;0,4376798;1,825491;-4,852592;1,098973;0,06582689;3,713964;4,688007;-3,47355;-3,449936;2,548527
Index: 30 | Name: car 30 