Generation: 56 | maxFitness: 1,960886 | maxFitnessGen: 1,670962 | maxFitnessGenBuf: 1,499425
N TotallyRandom: 10 | N RandomParents: 10 | N Top2: 10 | Min Mutation: 0,5

Index: 0 | Name: car 21 | Brain Type: TOP2 | Fitness: 1,499425 | BrainData : 1,703892;2,644069;3,355473;-2,661682;-2,404367;0,8849137;-1,232443;-4,767882;-3,205757;1,263716;-3,495597;2,602309;-1,979727;3,122701;4,112885;-2,466971;-3,591716;0,6270548;-1,283908;-2,819769;-1,361626;0,2732745;1,188632;4,904871;-0,5884776;3,748223
Index: 1 | Name: car 29 | Brain Type: TOP2 | Fitness: 1,48935 | BrainData : 1,653732;2,601857;3,355473;-2,661682;-2,368551;0,878372;-1,203948;-4,725253;-3,156224;1,230239;-3,495597;2,583043;-1,973063;3,124109;4,140058;-2,494152;-3,587455;0,6715952;-1,237081;-2,819769;-1,388384;0,2009682;1,234366;4,878849;-0,5884776;3,71911
Index: 2 | Name: car 23 | Brain Type: TOP2 | Fitness: 1,48613 | BrainData : 1,657901;2,664169;3,355473;-2,619666;-2,368551;0,8985808;-1,25013;-4,728695;-3,205757;1,231608;-3,519677;2,557785;-1,921912;3,12445;4,15807;-2,470618;-3,637264;0,6689904;-1,283908;-2,803388;-1,347311;0,1999626;1,203638;4,904871;-0,5884776;3,717532
Index: 3 | Name: car 24 | Brain Type: TOP2 | Fitness: 1,485633 | BrainData : 1,657901;2,653333;3,330225;-2,661682;-2,393722;0,8849137;-1,203948;-4,755226;-3,185427;1,280938;-3,495597;2,563148;-1,954838;3,06356;4,121969;-2,427014;-3,626884;0,6715952;-1,283908;-2,84722;-1,347311;0,2455662;1,247402;4,947903;-0,5884776;3,796014
Index: 4 | Name: car 9 | Brain Type: RandomParents | Fitness: 1,421625 | BrainData : 1,593049;2,516005;3,366803;-2,742628;-2,489226;0,8536132;-1,219739;-4,702405;-3,207409;1,31573;-3,529051;2,525949;-1,877034;3,148357;4,202481;-2,449324;-3,579996;0,5806688;-1,249982;-2,807572;-1,370098;0,3144408;1,227757;4,82885;-0,5696694;3,670105
Index: 5 | Name: car 13 | Brain Type: TotallyRandom | Fitness: 1,420491 | BrainData : 3,851939;-2,440757;-1,154621;-3,886387;-1,650497;-3,114471;-2,397876;0,6966705;2,885886;-0,6440334;-3,868771;4,157561;-3,29178;3,659173;1,481858;-0,06303978;0,6440454;-4,085502;1,505131;4,626618;-2,829;0,2079277;0,6469221;-0,08258295;2,712519;-2,277418
Index: 6 | Name: car 2 | Brain Type: RandomParents | Fitness: 1,391075 | BrainData : 1,593049;2,611122;3,348305;-2,709261;-2,478596;0,898046;-1,180207;-4,737133;-3,301358;1,284427;-3,496427;2,477381;-1,865762;3,148357;4,153612;-2,433963;-3,54542;0,6196322;-1,226917;-2,738702;-1,370098;0,2956811;1,21518;4,887289;-0,5797381;3,660172
Index: 7 | Name: car 22 | Brain Type: TOP2 | Fitness: 1,37354 | BrainData : 1,649154;2,623352;3,322888;-2,661682;-2,41185;0,8849137;-1,203948;-4,728695;-3,205757;1,263716;-3,528539;2,568052;-1,928551;3,110188;4,185073;-2,480204;-3,587455;0,6715952;-1,283908;-2,819769;-1,307834;0,2455662;1,234366;4,863673;-0,5884776;3,793468
Index: 8 | Name: car 28 | Brain Type: TOP2 | Fitness: 1,331592 | BrainData : 1,649095;2,690237;3,396092;-2,661682;-2,323048;0,8849137;-1,203948;-4,767405;-3,205757;1,282612;-3,495597;2,583043;-1,998419;3,110188;4,140058;-2,470618;-3,585587;0,6715952;-1,283908;-2,801682;-1,352496;0,2455662;1,234366;4,904871;-0,5724634;3,748223
Index: 9 | Name: car 1 | Brain Type: RandomParents | Fitness: 1,213364 | BrainData : 1,56319;2,611122;3,339807;-2,72722;-2,480912;0,898046;-1,165578;-4,688745;-3,225088;1,226909;-3,455014;2,493402;-1,821005;3,165038;4,189591;-2,510044;-3,567559;0,6333526;-1,25769;-2,840161;-1,323065;0,3169489;1,217642;4,924898;-0,5797381;3,660172
Index: 10 | Name: car 3 | Brain Type: RandomParents | Fitness: 1,104268 | BrainData : 0,1510482;-0,2969356;-1,090824;-1,192759;-0,5245023;2,306064;-2,799472;-4,559552;-4,776665;2,299876;-2,966564;1,750855;1,095547;-4,715821;-4,382297;-3,414655;-4,16944;-1,413519;1,236534;4,73147;0,7371792;-2,300907;0,6709914;-2,688673;1,843448;-2,697325
Index: 11 | Name: car 8 | Brain Type: RandomParents | Fitness: 0,9767885 | BrainData : 1,56319;2,611122;3,348305;-2,733945;-2,478596;0,898046;-1,165578;-4,680059;-3,256586;1,226909;-3,420718;2,495547;-1,90446;3,148357;4,2218;-2,481675;-3,533712;0,5933706;-1,273147;-2,809681;-1,370098;0,267721;1,16384;4,924898;-0,5949163;3,662189
Index: 12 | Name: car 27 | Brain Type: TOP2 | Fitness: 0,9723692 | BrainData : 1,657901;2,644069;3,337341;-2,661682;-2,368551;0,8849137;-1,222935;-4,700461;-3,255522;1,263716;-3,464426;2,583043;-1,998074;3,110188;4,179945;-2,441937;-3,587455;0,6715952;-1,283908;-2,819769;-1,298934;0,2455662;1,234366;4,929778;-0,5658649;3,748223
Index: 13 | Name: car 5 | Brain Type: RandomParents | Fitness: 0,9200848 | BrainData : 1,651502;2,694261;3,371042;-2,70183;-2,410814;0,8849137;-1,135281;-4,771539;-3,312445;1,163293;-3,495597;2,545769;-1,901328;3,187424;4,162261;-2,399979;-3,617456;0,6324967;-1,32392;-2,796454;-1,355367;0,2987073;1,129671;4,860746;-0,5611265;3,687551
Index: 14 | Name: car 25 | Brain Type: TOP2 | Fitness: 0,8102616 | BrainData : 1,688915;2,624622;3,355473;-2,661682;-2,342221;0,8849137;-1,189546;-4,728695;-3,195408;1,276591;-3,465809;2,583043;-1,954838;3,145275;4,155807;-2,424639;-3,607546;0,6715952;-1,236077;-2,819769;-1,347311;0,2427078;1,260054;4,904871;-0,6095029;3,748223
Index: 15 | Name: car 7 | Brain Type: RandomParents | Fitness: 0,794885 | BrainData : 1,634223;2,611122;3,368895;-2,709261;-2,478596;0,9267411;-1,192287;-4,729211;-3,256586;1,264138;-3,525254;2,525949;-1,822591;3,148357;4,143625;-2,499364;-3,498967;0,5828746;-1,252498;-2,802521;-1,322824;0,2951871;1,170381;4,91847;-0,5981412;3,655626
Index: 16 | Name: car 20 | Brain Type: TOP2 | Fitness: 0,6459648 | BrainData : 1,657901;2,670296;3,355473;-2,626345;-2,370224;0,8849137;-1,203948;-4,729327;-3,205757;1,259261;-3,495597;2,583043;-1,954838;3,110188;4,169745;-2,493031;-3,587455;0,6715952;-1,242694;-2,819769;-1,347311;0,2455662;1,234366;4,904871;-0,6244854;3,748223
Index: 17 | Name: car 26 | Brain Type: TOP2 | Fitness: 0,6454029 | BrainData : 1,657901;2,624385;3,401676;-2,661682;-2,368551;0,8992697;-1,219438;-4,728695;-3,205757;1,263716;-3,524092;2,560457;-1,957237;3,150959;4,171763;-2,470618;-3,587455;0,7032822;-1,263047;-2,809291;-1,347311;0,2108092;1,234366;4,904871;-0,6229161;3,715915
Index: 18 | Name: car 4 | Brain Type: RandomParents | Fitness: 0,4601284 | BrainData : 1,647658;2,710219;3,407223;-2,682424;-2,424166;0,8849137;-1,178353;-4,806749;-3,352525;1,208644;-3,495597;2,525282;-1,901328;3,187424;4,144637;-2,437711;-3,617456;0,5901271;-1,32392;-2,774639;-1,36143;0,2751183;1,101905;4,850517;-0,4936207;3,701429
Index: 19 | Name: car 17 | Brain Type: TotallyRandom | Fitness: 0,3516669 | BrainData : 4,400524;-3,07243;0,6744747;4,295262;4,358348;-1,008111;1,129153;0,1511903;-4,00893;-4,325176;-3,463063;-2,832189;-2,342033;0,6593757;-4,463757;-3,791466;2,382015;2,853081;0,1375132;3,904989;2,990448;-1,909732;-2,442356;2,687529;-0,1309352;2,386786
Index: 20 | Name: car 19 | Brain Type: TotallyRandom | Fitness: 0,3238822 | BrainData : -1,357035;-1,058825;-1,999914;-4,038364;4,02169;-1,197761;2,711494;0,6124992;-2,954956;-3,085069;-4,785627;0,6559424;-4,86472;0,2913837;-4,073675;-0,4006391;0,3567262;-4,568199;-0,8915381;3,115486;-3,425184;-1,862116;-3,804564;-0,1182108;4,06918;2,852834
Index: 21 | Name: car 0 | Brain Type: RandomParents | Fitness: 0,3197127 | BrainData : 2,821923;4,162674;-1,841833;1,957147;4,108181;-3,722384;-4,722248;-1,626255;-2,625573;-3,163502;-4,792755;3,733692;-2,115552;-0,1808648;0,6933718;-4,768535;4,471608;3,191246;-3,641878;-2,297755;0,7553988;-3,158082;-3,525192;-4,964913;0,9348245;4,690765
Index: 22 | Name: car 14 | Brain Type: TotallyRandom | Fitness: 0,2969667 | BrainData : 1,117038;1,34759;-0,972826;2,183082;4,410709;2,312281;3,911345;0,721683;-4,188733;-4,026648;3,037954;-4,379729;4,218122;-4,994096;0,2520852;-2,55899;-2,506521;-0,2670236;-2,08688;2,085705;-0,4866509;1,184289;2,774836;-4,820463;1,130293;2,33835
Index: 23 | Name: car 6 | Brain Type: RandomParents | Fitness: 0,2962588 | BrainData : 1,196598;2,648152;-4,927985;-0,5437029;-2,004497;1,415832;1,658321;0,3852372;0,1713945;-1,906628;-4,689985;2,387617;-2,868023;-4,476884;-4,408838;0,9847907;-0,3982271;-0,7678071;3,998009;0,1477724;-0,03557377;-4,44675;-2,344612;4,959076;1,510113;0,7778605
Index: 24 | Name: car 11 | Brain Type: TotallyRandom | Fitness: 0,2720019 | BrainData : 2,440866;2,676148;-3,076422;-3,830063;1,459127;4,264154;-2,260416;-2,682596;-0,5017643;2,529844;3,155646;-1,222654;3,088591;-1,241065;3,899538;-1,820331;-1,026035;1,760142;3,367911;1,413187;-4,87603;-3,435741;4,442169;-0,5449648;4,155153;2,493808
Index: 25 | Name: car 10 | Brain Type: TotallyRandom | Fitness: 0,2532132 | BrainData : 0,4957981;1,228405;-4,753976;3,912357;0,6927042;3,437155;-0,6081753;3,755845;-2,503346;2,734174;-2,068898;-2,419923;-4,814626;1,086597;2,725649;-1,829107;3,794399;-3,776864;-4,67317;3,36994;0,09213018;-3,857535;-2,749992;0,6509681;0,2294035;-4,709605
Index: 26 | Name: car 12 | Brain Type: TotallyRandom | Fitness: 0,2524425 | BrainData : -3,734332;-4,109131;0,6324272;-4,684685;2,384589;4,05338;-0,6288438;0,8282595;4,422115;3,162382;-0,5595975;2,498789;2,214304;0,1793118;-3,486024;3,402059;2,130992;-0,9914417;-3,52106;-0,5343122;-3,624022;-1,572512;-2,609049;-4,794988;-3,430099;-4,689377
Index: 27 | Name: car 15 | Brain Type: TotallyRandom | Fitness: 0,2345088 | BrainData : 2,867103;3,208824;-1,259067;-2,320947;-2,513263;-3,336132;-4,280228;4,615314;3,818009;1,41755;1,842909;-4,368853;3,355142;4,509828;4,21619;-1,84012;-2,57028;1,97595;4,270102;-2,486004;1,458688;-1,307163;-1,142606;-3,359799;-2,998205;-1,273596
Index: 28 | Name: car 16 | Brain Type: TotallyRandom | Fitness: 0,2331327 | BrainData : 2,731162;-4,301903;4,978783;1,691171;3,537313;-0,651484;1,715283;-1,526592;-4,950681;-4,430622;-3,205769;3,100184;-3,218335;-0,5615468;0,1711626;-4,450336;3,118134;-4,53808;4,638798;-4,210172;-1,332117;0,2333112;-4,463572;3,862995;-2,048746;0,06405878
Index: 29 | Name: car 18 | Brain Type: TotallyRandom | Fitness: 0,2324627 | BrainData : -4,971706;3,715269;-4,158012;-2,737068;0,03881884;-1,318009;-1,951421;3,613571;1,188844;-2,499914;4,383516;4,182457;-3,016869;-1,172395;-2,228605;-0,3002362;-1,929738;-0,06600571;0,7526116;-3,233651;3,004804;0,06879282;-3,889271;-0,5981178;-1,356493;-4,555287
Index: 30 | Name: