Generation: 478 | maxFitness: 1,900049 | maxFitnessGen: 0,3231787 | maxFitnessGenBuf: 0,3214303

Index: 0 : 0,692333;-4,498388;-3,119919;1,368413;1,411739;-4,498388;-3,119919;1,368413;1,411739;-4,498388;-3,119919;1,368413;1,411739;-4,498388;-3,111546;1,368413;1,411739;-4,498388;-3,111546;1,347059;0;0;0;0;0,01933776;0 | Fitness: 0,3214303
Index: 1 : 0,6690915;-4,672959;-3,071926;1,276967;1,436269;-4,672959;-3,071926;1,276967;1,436269;-4,668333;-3,071926;1,276967;1,436269;-4,668333;-3,071926;1,276967;1,436269;-4,668333;-3,071926;1,272927;0;0;0;0;0,009936975;0,01536565 | Fitness: 0,3138741
Index: 2 : 4,019444;-4,957605;1,472325;3,173799;-2,246629;-4,957605;1,472325;3,173799;-2,246629;-4,988461;1,472325;3,173799;-2,246629;-4,988461;1,468565;3,173799;-2,246629;-4,988461;1,468565;3,150074;0;0;0;0;0;0,02143237 | Fitness: 0,3107426
Index: 3 : 0,6678596;-4,569418;-3,153096;1,330753;1,405084;-4,569418;-3,153096;1,330753;1,405084;-4,561316;-3,153096;1,330753;1,405084;-4,561316;-3,110969;1,330753;1,405084;-4,561316;-3,110969;1,322695;0;0;0;0;0,01478644;-0,003500029 | Fitness: 0,3071536
Index: 4 : 0,6827106;-4,543956;-3,119419;1,349807;1,442548;-4,543956;-3,119419;1,349807;1,442548;-4,543956;-3,119419;1,349807;1,442548;-4,543956;-3,107544;1,349807;1,442548;-4,543956;-3,107544;1,359413;0;0;0;0;0,006717801;0 | Fitness: 0,305848
Index: 5 : 0,6886601;-4,638515;-3,068998;1,28511;1,436269;-4,638515;-3,068998;1,28511;1,436269;-4,613678;-3,068998;1,28511;1,436269;-4,613678;-3,089312;1,28511;1,436269;-4,613678;-3,089312;1,294762;0;0;0;0;0;0,008397692 | Fitness: 0,3038876
Index: 6 : 0,6649173;-4,572575;-3,135105;1,329723;1,389201;-4,572575;-3,135105;1,329723;1,389201;-4,569418;-3,135105;1,329723;1,389201;-4,569418;-3,154647;1,329723;1,389201;-4,569418;-3,154647;1,330753;0;0;0;0;0;0,007471638 | Fitness: 0,3034416
Index: 7 : 0,6649173;-4,569418;-3,135105;1,323426;1,388605;-4,569418;-3,135105;1,323426;1,388605;-4,569418;-3,135105;1,323426;1,388605;-4,569418;-3,135105;1,323426;1,388605;-4,569418;-3,135105;1,355386;0;0;0;0;0;0,007471638 | Fitness: 0,3034416
Index: 8 : 4,013365;-4,97402;1,460139;3,132237;-2,228724;-4,97402;1,460139;3,132237;-2,228724;-4,97402;1,460139;3,132237;-2,228724;-4,97402;1,477191;3,132237;-2,228724;-4,97402;1,477191;3,150074;0;0;0;0;0;0,006631934 | Fitness: 0,3030441
Index: 9 : -2,437599;3,054931;2,086504;3,860683;-2,963504;3,054931;2,086504;3,860683;-2,963504;3,05723;2,086504;3,860683;-2,963504;3,05723;2,04738;3,860683;-2,963504;3,05723;2,04738;3,860683;0;0;0;0;0;0,006014809 | Fitness: 0,3027553
Index: 10 : 0,6463986;-4,560239;-3,086587;1,28684;1,413126;-4,560239;-3,086587;1,28684;1,413126;-4,560239;-3,086587;1,28684;1,413126;-4,560239;-3,071397;1,28684;1,413126;-4,560239;-3,071397;1,28684;0;0;0;0;0;0,003390858 | Fitness: 0,3015823
Index: 11 : 0,667564;-4,545227;-3,102651;1,297223;1,424953;-4,545227;-3,102651;1,297223;1,424953;-4,554184;-3,102651;1,297223;1,424953;-4,554184;-3,099814;1,297223;1,424953;-4,554184;-3,099814;1,297223;0;0;0;0;0,0009562708;0 | Fitness: 0,3007002
Index: 12 : 0,666658;-4,490329;-3,092753;1,318564;1,42357;-4,490329;-3,092753;1,318564;1,42357;-4,511005;-3,092753;1,318564;1,42357;-4,511005;-3,119733;1,318564;1,42357;-4,511005;-3,119733;1,301272;0;0;0;0;0;0 | Fitness: 0,3002383
Index: 13 : 4,142402;-4,488344;-4,444576;0,8325858;0,3267746;-4,488344;-4,444576;0,8325858;0,3267746;-4,444309;-4,444576;0,8325858;0,3267746;-4,444309;-4,444576;0,8325858;0,3267746;-4,444309;-4,444576;0,8380518;0;0;0;0;0;0 | Fitness: 0,3002383
Index: 14 : 0,6799189;-4,646164;-3,073689;1,279718;1,424916;-4,646164;-3,073689;1,279718;1,424916;-4,669836;-3,073689;1,279718;1,424916;-4,669836;-3,073756;1,279718;1,424916;-4,669836;-3,073756;1,279718;0;0;0;0;0;0 | Fitness: 0,3002383
Index: 15 : -2,406445;3,05723;2,055287;3,860683;-2,976296;3,05723;2,055287;3,860683;-2,976296;3,043895;2,055287;3,860683;-2,976296;3,043895;2,064958;3,860683;-2,976296;3,043895;2,064958;3,860683;0;0;0;0;0;0 | Fitness: 0,3002383
Index: 16 : -2,447943;3,027609;2,043039;3,857922;-2,944483;3,027609;2,043039;3,857922;-2,944483;3,035366;2,043039;3,857922;-2,944483;3,035366;2,031459;3,857922;-2,944483;3,035366;2,031459;3,854916;0;0;0;0;0;0 | Fitness: 0,3002383
Index: 17 : 0,7206188;-4,580442;-3,101764;1,249068;1,358805;-4,580442;-3,101764;1,249068;1,358805;-4,56259;-3,101764;1,249068;1,358805;-4,56259;-3,112442;1,249068;1,358805;-4,56259;-3,112442;1,238569;0;0;0;0;0;0 | Fitness: 0,3002383
Index: 18 : 0,7018033;-4,669888;-3,080688;1,278243;1,424916;-4,669888;-3,080688;1,278243;1,424916;-4,646164;-3,080688;1,278243;1,424916;-4,646164;-3,080688;1,278243;1,424916;-4,646164;-3,080688;1,301963;0;0;0;0;0;0 | Fitness: 0,3002383
Index: 19 : -2,406445;3,05723;2,064958;3,860683;-2,976296;3,05723;2,064958;3,860683;-2,976296;3,05723;2,064958;3,860683;-2,976296;3,05723;2,064958;3,860683;-2,976296;3,05723;2,064958;3,860683;0;0;0;0;0;0 | Fitness: 0,3002383
Index: 20 : 4,095775;-4,437448;-4,471418;0,8802155;0,2893972;-4,437448;-4,471418;0,8802155;0,2893972;-4,437448;-4,471418;0,8802155;0,2893972;-4,437448;-4,471418;0,8802155;0,2893972;-4,437448;-4,471418;0,8690122;0;0;0;0;0;-0,001012221 | Fitness: 0,2998869
Index: 21 : 4,142402;-4,465309;-4,444576;0,8325858;0,3267746;-4,465309;-4,444576;0,8325858;0,3267746;-4,465309;-4,444576;0,8325858;0,3267746;-4,465309;-4,444576;0,8325858;0,3267746;-4,465309;-4,444576;0,8325858;0;0;0;0;0;-0,001151171 | Fitness: 0,2998367
Index: 22 : 4,137987;-4,511633;-4,447548;0,9394833;0,2830285;-4,511633;-4,447548;0,9394833;0,2830285;-4,511633;-4,447548;0,9394833;0,2830285;-4,511633;-4,447548;0,9394833;0,2830285;-4,511633;-4,447548;0,9394833;0;0;0;0;0;-0,00337391 | Fitness: 0,2985248
Index: 23 : 0,7036353;-4,543383;-3,113298;1,269748;1,372401;-4,543383;-3,113298;1,269748;1,372401;-4,566965;-3,113298;1,269748;1,372401;-4,566965;-3,105573;1,269748;1,372401;-4,566965;-3,105573;1,25366;0;0;0;0;0;-0,00416102 | Fitness: 0,2981977
Index: 24 : 0,6751825;-4,613678;-3,089312;1,264508;1,436269;-4,613678;-3,089312;1,264508;1,436269;-4,598505;-3,089312;1,264508;1,436269;-4,598505;-3,089312;1,264508;1,436269;-4,598505;-3,089312;1,28511;0;0;0;0;-0,01389971;0,008397692 | Fitness: 0,2972732
Index: 25 : 0,6690915;-4,668769;-3,071926;1,28511;1,436269;-4,668769;-3,071926;1,28511;1,436269;-4,668769;-3,071926;1,28511;1,436269;-4,668769;-3,071926;1,28511;1,436269;-4,668769;-3,071926;1,277078;0;0;0;0;0;-0,008800522 | Fitness: 0,2960312
Index: 26 : 0,6773886;-4,531445;-3,106373;1,265014;1,392784;-4,531445;-3,106373;1,265014;1,392784;-4,517632;-3,106373;1,265014;1,392784;-4,517632;-3,088083;1,265014;1,392784;-4,517632;-3,088083;1,265014;0;0;0;0;-0,02253682;0,01276013 | Fitness: 0,2954964
Index: 27 : 0,676093;-4,570233;-3,157871;1,330753;1,382476;-4,570233;-3,157871;1,330753;1,382476;-4,569418;-3,157871;1,330753;1,382476;-4,569418;-3,157871;1,330753;1,382476;-4,569418;-3,157871;1,330753;0;0;0;0;0,005389461;-0,01781688 | Fitness: 0,2951386
Index: 28 : 0,6604843;-4,511005;-3,103733;1,330054;1,42357;-4,511005;-3,103733;1,330054;1,42357;-4,50843;-3,103733;1,330054;1,42357;-4,50843;-3,103733;1,330054;1,42357;-4,50843;-3,103733;1,318382;0;0;0;0;0;-0,01362103 | Fitness: 0,2943897
Index: 29 : 4,101223;-4,511633;-4,43654;0,9051982;0,2695908;-4,511633;-4,43654;0,9051982;0,2695908;-4,511633;-4,43654;0,9051982;0,2695908;-4,511633;-4,43654;0,9051982;0,2695908;-4,511633;-4,43654;0,9117933;0;0;0;0;0;-0,01481891 | Fitness: 0,2940299
Index: 30 : 0,6651978;-4,518434;-3,103733;1,338361;1,42357;-4,518434;-3,103733;1,338361;1,42357;-4,518434;-3,103733;1,338361;1,42357;-4,518434;-3,093353;1,338361;1,42357;-4,518434;-3,093353;1,338361;0;0;0;0;0;-0,01990684 | Fitness: 0,2926483
Index: 31 : 4,137987;-4,511633;-4,447548;0,9394833;0,2675905;-4,511633;-4,447548;0,9394833;0,2675905;-4,511633;-4,447548;0,9394833;0,2675905;-4,511633;-4,422774;0,9394833;0,2675905;-4,511633;-4,422774;0,9394833;0;0;0;0;0;-0,02377823 | Fitness: 0,2916477
Index: 32 : 0,6745891;-4,529075;-3,113255;1,300169;1,452538;-4,529075;-3,113255;1,300169;1,452538;-4,515557;-3,113255;1,300169;1,452538;-4,515557;-3,113255;1,300169;1,452538;-4,515557;-3,113255;1,281671;0;0;0;0;-0,007100376;-0,01413844 | Fitness: 0,2912655
Index: 33 : 0,6889839;-4,556193;-3,117339;1,269539;1,418092;-4,556193;-3,117339;1,269539;1,418092;-4,556193;-3,117339;1,269539;1,418092;-4,556193;-3,123852;1,269539;1,418092;-4,556193;-3,123852;1,273259;0;0;0;0;-0,01843269;0 | Fitness: 0,2912088
Index: 34 : 4,003435;-4,958353;1,481173;3,130121;-2,257381;-4,958353;1,481173;3,130121;-2,257381;-4,950457;1,481173;3,130121;-2,257381;-4,950457;1,464549;3,130121;-2,257381;-4,950457;1,464549;3,150074;0;0;0;0;0;-0,02550747 | Fitness: 0,286226
Index: 35 : 0,6631228;-4,566104;-3,09847;1,280059;1,422905;-4,566104;-3,09847;1,280059;1,422905;-4,566104;-3,09847;1,280059;1,422905;-4,566104;-3,106136;1,280059;1,422905;-4,566104;-3,106136;1,301384;0;0;0;0;-0,009243896;-0,02367625 | Fitness: 0,2412284
Index: 36 : 1,906779;1,850077;2,322071;4,977063;2,370911;4,374029;-0,6098433;-4,957708;-2,974794;3,908639;4,309077;3,925243;3,046677;1,83387;-4,152374;3,415228;-1,010029;0,8688526;3,591621;4,156757;1,906986;1,865799;1,69985;0,7426124;-4,937538;0,7961421 | Fitness: 0,2037662
Index: 37 : 3,