Generation: 983 | maxFitness: 3,670536 | maxFitnessGen: 2,103701 | maxFitnessGenBuf: 2,277963
N TotallyRandom: 10 | N RandomParents: 15 | N Top2: 25 | Min Mutation: 0,5

Index: 0 | Name: car 4 | Brain Type: RandomParents | Fitness: 2,277963 | BrainData : -2,286833;0,05083168;-2,029526;-0,006998869;-3,302987;4,27765;-0,1328589;3,382778;2,097526;4,508751;1,029823;-4,662442;-4,126953;2,144737;-2,389654;-3,52484;-0,4410124;-4,312578;4,40003;-0,3042107;-3,906423;-3,164627;2,228335;-2,264379;-1,775152;3,96087
Index: 1 | Name: car 8 | Brain Type: RandomParents | Fitness: 2,272912 | BrainData : -2,255065;0,05143527;-2,055481;0,01339795;-3,254348;4,26876;-0,1310787;3,341569;2,053676;4,526132;1,050488;-4,697134;-4,176828;2,141392;-2,414285;-3,54417;-0,4437881;-4,240956;4,36944;-0,37654;-3,906423;-3,173807;2,234939;-2,262562;-1,78615;3,993124
Index: 2 | Name: car 34 | Brain Type: TOP2 | Fitness: 2,264123 | BrainData : -2,301762;0,09381798;-1,994252;0,008084416;-3,301788;4,264081;-0,1328589;3,428264;2,027775;4,548459;1,047904;-4,662442;-4,170919;2,125593;-2,390838;-3,568107;-0,3664657;-4,19801;4,40003;-0,3412741;-3,906423;-3,182736;2,209705;-2,295797;-1,793543;3,955922
Index: 3 | Name: car 46 | Brain Type: TOP2 | Fitness: 2,26037 | BrainData : -2,255065;0,05028218;-2,029526;0,008084416;-3,252058;4,257076;-0,1048536;3,428264;2,076643;4,521321;1,020777;-4,687334;-4,170919;2,166976;-2,414285;-3,568107;-0,3536054;-4,240956;4,431296;-0,3360221;-3,906423;-3,216523;2,223794;-2,295797;-1,793543;3,976035
Index: 4 | Name: car 39 | Brain Type: TOP2 | Fitness: 2,256702 | BrainData : -2,255065;0,09381798;-2,029526;0,02460885;-3,238847;4,229629;-0,1328589;3,428264;2,027775;4,497479;1,05096;-4,626222;-4,125077;2,117268;-2,459144;-3,568107;-0,3664657;-4,254293;4,429168;-0,3313433;-3,906423;-3,212479;2,22156;-2,295797;-1,793543;3,965775
Index: 5 | Name: car 36 | Brain Type: TOP2 | Fitness: 2,221464 | BrainData : -2,255065;0,09381798;-2,029887;2,937764E-05;-3,273333;4,290986;-0,1328589;3,463923;2,03683;4,521321;1,056217;-4,662442;-4,177214;2,166976;-2,414285;-3,568107;-0,3664657;-4,212234;4,40003;-0,3438341;-3,897851;-3,212479;2,207525;-2,293253;-1,793543;3,976035
Index: 6 | Name: car 37 | Brain Type: TOP2 | Fitness: 2,191796 | BrainData : -2,298107;0,09381798;-2,065191;0,008084416;-3,273333;4,257076;-0,1328589;3,428264;2,027775;4,548984;1,05096;-4,662442;-4,170919;2,183516;-2,458601;-3,568107;-0,3664657;-4,211957;4,433658;-0,3400772;-3,863844;-3,249006;2,200655;-2,295797;-1,793543;3,976035
Index: 7 | Name: car 2 | Brain Type: RandomParents | Fitness: 2,16841 | BrainData : -2,27756;0,05583901;-2,011585;-0,08305117;-3,318641;4,225355;-0,08458307;3,357059;2,067744;4,554533;1,05096;-4,660783;-4,200834;2,196159;-2,44978;-3,553559;-0,43677;-4,251874;4,40003;-0,3625061;-3,901899;-3,1411;2,245885;-2,270876;-1,78615;4,045586
Index: 8 | Name: car 45 | Brain Type: TOP2 | Fitness: 2,166363 | BrainData : -2,255065;0,06636971;-1,991139;0,008084416;-3,288558;4,257076;-0,1120272;3,400802;2,019854;4,521321;1,05096;-4,699723;-4,170919;2,166976;-2,414285;-3,568107;-0,3664657;-4,289008;4,409177;-0,3412741;-3,861843;-3,212479;2,21756;-2,295797;-1,793543;4,011964
Index: 9 | Name: car 13 | Brain Type: RandomParents | Fitness: 2,163896 | BrainData : -2,273515;0,0244089;-2,060195;0,008084416;-3,276817;4,257076;-0,1642714;3,400992;2,044144;4,581059;1,10094;-4,662442;-4,152872;2,117872;-2,386322;-3,556955;-0,3899457;-4,287858;4,408243;-0,3504422;-3,868337;-3,173807;2,234939;-2,258004;-1,771802;3,995285
Index: 10 | Name: car 26 | Brain Type: TOP2 | Fitness: 2,104885 | BrainData : -2,266973;0,09381798;-2,029526;0,01410368;-3,280604;4,237547;-0,1328589;3,404867;2,0225;4,535394;1,05096;-4,711894;-4,170919;2,166976;-2,451467;-3,568107;-0,3664657;-4,216262;4,40003;-0,3412741;-3,906423;-3,254035;2,225879;-2,309999;-1,793543;4,000506
Index: 11 | Name: car 3 | Brain Type: RandomParents | Fitness: 2,097677 | BrainData : -2,22736;0,1220082;-2,029526;0,008084416;-3,297645;4,293385;-0,1328589;3,445742;2,106388;4,518383;1,015511;-4,662442;-4,146389;2,177414;-2,379376;-3,58776;-0,3720503;-4,145866;4,422827;-0,3059247;-3,906423;-3,191937;2,234939;-2,295797;-1,789794;4,041028
Index: 12 | Name: car 27 | Brain Type: TOP2 | Fitness: 2,08659 | BrainData : -2,235604;0,06105236;-2,029526;0,008084416;-3,296304;4,257076;-0,1507845;3,457154;1,989811;4,521321;1,05096;-4,662442;-4,170919;2,130823;-2,421815;-3,572167;-0,3664657;-4,240956;4,40003;-0,3425294;-3,876763;-3,26157;2,234939;-2,295797;-1,793543;3,976035
Index: 13 | Name: car 31 | Brain Type: TOP2 | Fitness: 2,08659 | BrainData : -2,251516;0,09381798;-2,015033;0,008084416;-3,273333;4,239113;-0,1749961;3,395872;2,06887;4,554625;1,05096;-4,711381;-4,206366;2,166976;-2,414285;-3,568107;-0,3664657;-4,240956;4,436507;-0,3412741;-3,906423;-3,16931;2,234939;-2,295797;-1,793543;3,976035
Index: 14 | Name: car 32 | Brain Type: TOP2 | Fitness: 2,079166 | BrainData : -2,293642;0,04581744;-2,003732;0,008084416;-3,273333;4,256996;-0,1328589;3,428264;2,00974;4,554547;1,05096;-4,662442;-4,170919;2,166976;-2,395843;-3,573325;-0,3664657;-4,259572;4,366585;-0,3092885;-3,906423;-3,24542;2,234939;-2,294882;-1,809702;4,01164
Index: 15 | Name: car 5 | Brain Type: RandomParents | Fitness: 2,074659 | BrainData : -2,276547;0,08527829;-2,001436;0,008084416;-3,276817;4,3227;-0,1077758;3,402869;2,036798;4,567138;1,015511;-4,662442;-4,106082;2,177414;-2,36564;-3,509022;-0,3768231;-4,236468;4,40003;-0,289297;-3,931996;-3,236696;2,219836;-2,295797;-1,814169;3,993905
Index: 16 | Name: car 25 | Brain Type: TOP2 | Fitness: 2,061162 | BrainData : -2,257841;0,09381798;-2,029526;0,008084416;-3,273333;4,275805;-0,1390648;3,447605;2,027775;4,550906;1,010982;-4,71101;-4,201471;2,209702;-2,406772;-3,602416;-0,3664657;-4,195748;4,350718;-0,3412741;-3,862767;-3,206276;2,188156;-2,295797;-1,793543;3,976035
Index: 17 | Name: car 47 | Brain Type: TOP2 | Fitness: 2,032235 | BrainData : -2,255065;0,06565535;-1,987894;0,008084416;-3,288921;4,304926;-0,1328589;3,428264;2,027775;4,521321;1,05096;-4,708566;-4,170919;2,166976;-2,457534;-3,568107;-0,3664657;-4,240956;4,40003;-0,3412741;-3,906423;-3,208566;2,234939;-2,295797;-1,750812;3,976035
Index: 18 | Name: car 7 | Brain Type: RandomParents | Fitness: 2,030256 | BrainData : -2,255065;0,0438554;-2,037714;-0,03441726;-3,238335;4,257076;-0,09016114;3,359904;2,112756;4,521321;1,05096;-4,707625;-4,188209;2,184999;-2,374794;-3,586157;-0,4441897;-4,270907;4,379299;-0,34486;-3,906423;-3,152834;2,270254;-2,295797;-1,740435;4,015738
Index: 19 | Name: car 35 | Brain Type: TOP2 | Fitness: 1,981443 | BrainData : -2,249848;0,1053262;-2,029526;0,008084416;-3,253488;4,21968;-0,08353031;3,419433;2,058124;4,521321;1,05096;-4,662442;-4,13148;2,166976;-2,426262;-3,568107;-0,3664657;-4,236019;4,412305;-0,3594111;-3,85829;-3,247687;2,252871;-2,311741;-1,7846;3,976035
Index: 20 | Name: car 43 | Brain Type: TOP2 | Fitness: 1,979231 | BrainData : -2,255065;0,09381798;-2,029526;0,008084416;-3,233859;4,255538;-0,1328589;3,443832;2,031467;4,481328;1,05096;-4,628038;-4,202568;2,166976;-2,414285;-3,568107;-0,4094274;-4,240956;4,40003;-0,3884742;-3,906423;-3,182269;2,234939;-2,317507;-1,793543;3,931497
Index: 21 | Name: car 28 | Brain Type: TOP2 | Fitness: 1,978131 | BrainData : -2,255065;0,09381798;-2,062322;0,008084416;-3,263086;4,230015;-0,1462602;3,456385;2,032409;4,564515;1,061512;-4,662442;-4,136473;2,166976;-2,414285;-3,553698;-0,3773225;-4,290167;4,40003;-0,3635694;-3,944088;-3,212479;2,260179;-2,308952;-1,793543;3,976035
Index: 22 | Name: car 30 | Brain Type: TOP2 | Fitness: 1,975349 | BrainData : -2,255065;0,09381798;-2,035553;0,01615778;-3,273333;4,293208;-0,1328589;3,428264;2,027775;4,472761;1,051242;-4,662442;-4,170919;2,192797;-2,414285;-3,568107;-0,3664657;-4,240956;4,39907;-0,3166158;-3,906423;-3,239818;2,281016;-2,295797;-1,776488;3,976035
Index: 23 | Name: car 12 | Brain Type: RandomParents | Fitness: 1,970684 | BrainData : -2,26792;0,090832;-2,058734;-0,01973556;-3,254109;4,256623;-0,111056;3,413901;2,062879;4,489406;1,017439;-4,627789;-4,184114;2,152335;-2,366869;-3,507127;-0,4139883;-4,30381;4,343777;-0,34486;-3,913627;-3,173807;2,234939;-2,264835;-1,78615;3,946409
Index: 24 | Name: car 49 | Brain Type: TOP2 | Fitness: 1,936862 | BrainData : -2,250508;0,09381798;-2,029526;0,008084416;-3,256392;4,292453;-0,09622981;3,451088;2,027775;4,558616;1,05096;-4,662442;-4,170919;2,210037;-2,391563;-3,597109;-0,3664657;-4,240956;4,359165;-0,3245794;-3,858704;-3,218215;2,225102;-2,280707;-1,793543;3,941378
Index: 25 | Name: car 41 | Brain Type: TOP2 | Fitness: 1,916912 | BrainData : -2,255065;0,09381798;-2,006607;0,05436719;-3,26986;4,264324;-0,1111996;3,428264;2,013352;4,521321;1,096302;-4,6127;-4,170919;2,166976;-2,414285;-3,545022;-0,3664657;-4,191875;4,40003;-0,3573545;-3,906423;-3,212479;2,234939;-2,295797;-1,782613;3,931857
Index: 26 | Name: car 40 | Brain Type: TOP2 | Fitness: 1,872191 | BrainData : -2,255065;0,09868036;-2,036134;-0,01912731;-3,30106;4,259676;-0,1328589;3,428264;2,027775;4,521321;1,080536;-4,662442;-4,171546;2,166976;-2,414285;-3,542798;-0,3561869;-4,230749;4,388355;-0,3364842;-3,906423;-3,212479;2,270889;-2,295797;-1,776187;3,946152
Index: 27 | Name: car 48 | Brain Type: TOP2 | Fitness: 1,849497 | BrainData : -2,255065;0,1345578;-2,024463;0,04670627;-3,273333;4,276628;-0,1328589;3,408285;1,982942;4,521321;1,030331;-4,652361;-4,180604;2,166976;-2,421235;-3,568107;-0,3284104;-4,261395;4,40003;-0,3847588;-3,953373;-3,214267;2,248591;-2,295094;-1,793543;3,976035
Index: 28 | Name: car 44 | Brain Type: TOP2 | Fitness: 1,842882 | BrainData : -2,255065;0,09381798;-2,021519;0,008084416;-3,261472;4,286351;-0,1328589;3,428264;2,027775;4,53309;1,07701;-4,662442;-4,170919;2,140879;-2,414285;-3,568107;-0,3664657;-4,241087;4,40003;-0,3463514;-3,941517;-3,234233;2,254289;-2,295797;-1,793543;3,931414
Index: 29 | Name: car 42 | Brain Type: TOP2 | Fitness: 1,815058 | BrainData : -2,255065;0,09381798;-2,077971;0,008084416;-3,273333;4,257076;-0,1328589;3,428264;2,027775;4,564676;1,05096;-4,662442;-4,170919;2,166976;-2,414285;-3,519313;-0,3846873;-4,240956;4,409544;-0,3412741;-3,936728;-3,214683;2,185695;-2,269878;-1,793543;3,986518
Index: 30 | Name: car 14 | Brain Type: RandomParents | Fitness: 1,786776 | BrainData : -2,324695;0,05583901;-1,989233;-0,03338921;-3,374518;4,195172;-0,1525268;3,373815;2,021157;4,572934;1,1308;-4,690818;-4,223823;2,207932;-2,438533;-3,63026;-0,4983005;-4,259314;4,442959;-0,3733716;-3,949067;-3,152238;2,278045;-2,269526;-1,800896;4,032183
Index: 31 | Name: car 33 | Brain Type: TOP2 | Fitness: 1,778229 | BrainData : -2,282973;0,09381798;-2,029526;0,008084416;-3,273333;4,301497;-0,1556008;3,473964;2,027775;4,48877;1,041444;-4,709394;-4,167503;2,134537;-2,381282;-3,568107;-0,3664657;-4,240956;4,412241;-0,3597355;-3,912534;-3,212479;2,234939;-2,291535;-1,808081;3,976035
Index: 32 | Name: car 38 | Brain Type: TOP2 | Fitness: 1,774459 | BrainData : -2,228085;0,07999551;-2,029526;0,01589146;-3,301019;4,257076;-0,1732385;3,387182;2,004514;4,521321;1,05096;-4,662442;-4,132681;2,166976;-2,443993;-3,568107;-0,3664657;-4,199414;4,408571;-0,3842129;-3,925213;-3,212479;2,234939;-2,326644;-1,827162;3,976035
Index: 33 | Name: car 29 | Brain Type: TOP2 | Fitness: 1,762692 | BrainData : -2,255065;0,13345;-2,029526;0,008084416;-3,273333;4,263896;-0,179665;3,419553;2,041274;4,475027;1,05096;-4,620557;-4,153967;2,190633;-2,387588;-3,568107;-0,3664657;-4,240956;4,40003;-0,3412741;-3,906423;-3,187352;2,234939;-2,295797;-1,829603;3,976035
Index: 34 | Name: car 1 | Brain Type: RandomParents | Fitness: 1,459018 | BrainData : -2,255065;0,0912779;-2,029526;-0,02644586;-3,24891;4,301567;-0,1328589;3,435501;2,062879;4,565442;1,05096;-4,636387;-4,162831;2,127398;-2,414285;-3,498233;-0,3776118;-4,235513;4,41838;-0,34486;-3,906423;-3,145694;2,17168;-2,30676;-1,795851;4,023767
Index: 35 | Name: car 11 | Brain Type: RandomParents | Fitness: 1,423148 | BrainData : -2,230647;0,07462606;-1,975286;-0,01673633;-3,275147;4,227965;-0,1044795;3,351142;2,05853;4,546759;1,072626;-4,651959;-4,163111;2,142768;-2,380154;-3,473464;-0,3662019;-4,205209;4,357365;-0,34486;-3,900373;-3,121526;2,19809;-2,307104;-1,754008;3,993124
Index: 36 | Name: car 9 | Brain Type: RandomParents | Fitness: 1,180951 | BrainData : -2,256363;0,085631;-1,983306;-0,04481899;-3,323525;4,291596;-0,1272822;3,382177;2,037992;4,605745;1,05096;-4,685199;-4,26273;2,141269;-2,509448;-3,577524;-0,4702649;-4,170858;4,358562;-0,3471469;-3,901371;-3,162668;2,177243;-2,25963;-1,780656;4,107024
Index: 37 | Name: car 22 | Brain Type: TotallyRandom | Fitness: 0,6948883 | BrainData : -0,6982012;3,623317;-4,395772;-4,401245;1,68328;-3,389452;-4,885963;-0,2145429;-0,9938436;-4,749278;0,2814441;-3,305889;-1,741626;-3,792625;2,274804;0,01213121;0,4986768;-3,449543;-1,19831;-1,492455;-2,117064;-2,804821;-3,975403;-2,745062;4,498869;2,87307
Index: 38 | Name: car 16 | Brain Type: TotallyRandom | Fitness: 0,6281548 | BrainData : -1,708939;1,145876;4,605865;2,484448;-1,571098;3,627373;0,6891565;-3,593678;1,786857;-3,882785;4,797506;-0,9869723;-0,6025953;-0,794776;0,7600923;2,212906;-1,926091;0,7190318;-0,1818008;-2,557142;3,514457;-1,938527;-0,8942099;0,5654569;1,14033;1,63844
Index: 39 | Name: car 24 | Brain Type: TotallyRandom | Fitness: 0,6091938 | BrainData : 1,02098;-3,918169;-2,677163;-2,301555;1,420286;-2,847042;-4,573435;2,664179;-2,40558;-2,629347;4,512939;1,161041;-4,608153;3,769122;2,49686;-2,706147;3,681963;2,31163;4,629997;-2,965983;-4,406167;-0,2935095;4,900652;-0,1260347;2,285721;-1,133755
Index: 40 | Name: car 6 | Brain Type: RandomParents | Fitness: 0,5912091 | BrainData : -0,1900392;-4,060795;4,405632;-0,2654033;-2,848305;0,7406332;3,996427;0,08077097;0,5357302;2,210852;4,786784;-4,163308;-0,5083961;1,108199;2,512519;-4,968977;3,959781;3,956491;3,588802;-4,348467;2,588359;2,5011;1,414739;-4,402207;2,477137;4,236745
Index: 41 | Name: car 18 | Brain Type: TotallyRandom | Fitness: 0,590041 | BrainData : 2,199322;3,680511;3,260544;-3,879014;3,586907;-2,802896;-3,126867;3,525551;1,281291;-3,175619;-1,597641;-1,494191;-3,686982;-2,074492;4,485879;1,451011;-4,199809;-0,6339555;-0,7885222;-1,7203;3,406404;-0,3887253;4,720226;2,801621;2,306167;-2,799253
Index: 42 | Name: car 50 | Brain Type: RandomParents | Fitness: 0,5137502 | BrainData : 2,859581;-2,984115;-0,0601573;3,084325;0,2314119;3,53304;2,836121;-3,749732;2,340611;-1,094928;-3,782054;4,505562;-4,529079;-0,8379822;4,32419;-0,269423;-3,043537;3,156858;-0,5356355;-1,650497;4,63438;1,28829;-4,413404;-2,708911;-0,05990696;-2,338853
Index: 43 | Name: car 10 | Brain Type: RandomParents | Fitness: 0,4431653 | BrainData : -1,52218;-2,231555;3,335004;2,272635;4,840597;-1,585257;1,485805;3,018681;1,492964;4,832844;2,366705;-2,905785;-1,604222;3,220592;-4,424889;-2,238574;-1,715175;1,33966;2,731811;-0,9564254;-3,106217;-1,400949;-2,267924;1,630892;-2,997643;-1,867192
Index: 44 | Name: car 15 | Brain Type: TotallyRandom | Fitness: 0,4399441 | BrainData : 3,971697;-3,301711;-4,539244;3,413891;-2,964656;-4,580699;-2,497577;-0,6864495;0,701025;4,450726;-0,4341106;1,007717;2,009147;-2,511294;1,095183;1,40411;-1,672471;-2,816333;-1,896312;-3,583168;1,687825;3,241357;0,973279;-3,192239;-0,6606073;-3,635045
Index: 45 | Name: car 23 | Brain Type: TotallyRandom | Fitness: 0,4211687 | BrainData : -4,757315;-0,610177;1,544505;4,723368;2,615824;2,657933;-1,396539;-2,46427;0,5915279;2,915307;4,829222;2,269144;-1,200204;-3,699189;2,944564;-1,303761;-4,089481;1,211832;-2,825544;2,138754;3,618206;-0,5539913;-2,108433;-2,809085;-4,894974;4,414392
Index: 46 | Name: car 20 | Brain Type: TotallyRandom | Fitness: 0,4206961 | BrainData : 4,426656;3,282555;-2,618648;-4,099018;1,45306;-4,106049;0,6315107;4,419404;3,889227;0,06623554;4,64107;1,107564;4,621193;-0,7746725;-0,1262183;0,1535778;0,5536861;4,422632;-0,2062674;-0,1376872;0,3725929;-2,540688;-4,762711;4,438192;-2,389807;-2,127467
Index: 47 | Name: car 19 | Brain Type: TotallyRandom | Fitness: 0,4192861 | BrainData : -1,183302;-4,984318;-2,968822;-1,202828;4,989424;1,665119;-0,4172997;4,203975;1,154998;0,1064854;-3,180827;-1,208937;-2,615437;3,697937;-1,775742;3,039826;3,45805;-4,065632;3,516193;-1,328859;3,051239;1,162576;-3,463681;-2,018159;-2,333185;-4,858398
Index: 48 | Name: car 17 | Brain Type: TotallyRandom | Fitness: 0,4108721 | BrainData 