Generation: 436 | maxFitness: 3,670536 | maxFitnessGen: 2,027592 | maxFitnessGenBuf: 1,847217
N TotallyRandom: 10 | N RandomParents: 15 | N Top2: 25 | Min Mutation: 0,5

Index: 0 | Name: car 28 | Brain Type: TOP2 | Fitness: 1,847217 | BrainData : 0,8191531;1,146679;3,928115;0,5604331;3,322287;-0,7386204;4,01067;0,7155616;0,05274949;-0,8119787;-3,613322;-4,095902;3,093337;-2,841113;3,74341;-3,041841;5,001842;1,333068;-1,251332;-4,51019;-1,137267;0,2242105;-1,614199;1,104062;-2,945594;3,901986
Index: 1 | Name: car 8 | Brain Type: RandomParents | Fitness: 1,845146 | BrainData : 0,873638;1,146679;3,946432;0,5958901;3,348295;-0,7386204;4,009851;0,7412717;0,05349662;-0,8850669;-3,636635;-4,095902;3,062625;-2,843077;3,695928;-3,108556;4,918818;1,333068;-1,256276;-4,51019;-1,199066;0,1734905;-1,657066;1,107665;-3,049267;3,893479
Index: 2 | Name: car 45 | Brain Type: TOP2 | Fitness: 1,843302 | BrainData : 0,867152;1,163222;3,96247;0,5064088;3,29754;-0,7386204;4,01067;0,6746483;0,01735144;-0,8512695;-3,633656;-4,064229;3,10449;-2,847698;3,698456;-3,041841;4,956424;1,333068;-1,251332;-4,51019;-1,110656;0,1443822;-1,614199;1,138544;-2,999956;3,83316
Index: 3 | Name: car 46 | Brain Type: TOP2 | Fitness: 1,8414 | BrainData : 0,8374324;1,108089;3,916821;0,5898818;3,370143;-0,7878084;3,992085;0,7155616;0,01735144;-0,8019546;-3,613322;-4,063375;3,10449;-2,847698;3,74874;-3,041841;4,956424;1,333068;-1,290733;-4,51019;-1,137267;0,1838291;-1,633416;1,113389;-2,984744;3,85179
Index: 4 | Name: car 1 | Brain Type: RandomParents | Fitness: 1,840358 | BrainData : 0,8793817;1,146679;3,96247;0,5074115;3,38193;-0,7800142;4,048899;0,7834582;0,01735144;-0,8859984;-3,579272;-4,095902;3,108952;-2,847698;3,750029;-3,065794;4,897006;1,31569;-1,288464;-4,538998;-1,263591;0,1881178;-1,608669;1,11367;-2,985689;3,863342
Index: 5 | Name: car 36 | Brain Type: TOP2 | Fitness: 1,840055 | BrainData : 0,8580347;1,193735;3,96247;0,5546302;3,287083;-0,6888067;4,01067;0,7155616;0,01735144;-0,8512695;-3,613322;-4,127429;3,097653;-2,847698;3,733193;-3,090098;4,993271;1,333068;-1,251332;-4,51019;-1,104418;0,1483655;-1,614199;1,160281;-2,984744;3,881842
Index: 6 | Name: car 38 | Brain Type: TOP2 | Fitness: 1,832814 | BrainData : 0,8992733;1,146679;3,96247;0,5546302;3,325327;-0,776614;4,017452;0,7298185;0,06168561;-0,8037613;-3,571987;-4,097606;3,092871;-2,816981;3,720462;-3,021419;4,956424;1,333068;-1,251332;-4,553874;-1,137267;0,1838291;-1,614199;1,113389;-2,984744;3,881842
Index: 7 | Name: car 34 | Brain Type: TOP2 | Fitness: 1,799838 | BrainData : 0,844073;1,100168;4,011551;0,5382919;3,347776;-0,6970586;3,973463;0,6736817;0,01735144;-0,8336831;-3,60803;-4,048504;3,10449;-2,847698;3,74341;-3,088391;4,956424;1,309418;-1,251332;-4,51019;-1,137267;0,1841855;-1,614199;1,113389;-3,011655;3,881842
Index: 8 | Name: car 48 | Brain Type: TOP2 | Fitness: 1,788296 | BrainData : 0,8660389;1,187648;3,941971;0,5546302;3,325327;-0,7386204;4,041601;0,6756433;0,01735144;-0,8512695;-3,613322;-4,135859;3,10449;-2,836698;3,694409;-3,041841;4,956424;1,323145;-1,22919;-4,478244;-1,170526;0,1838291;-1,636801;1,107723;-2,984744;3,881842
Index: 9 | Name: car 43 | Brain Type: TOP2 | Fitness: 1,765047 | BrainData : 0,8193769;1,146679;3,957286;0,5546302;3,325327;-0,7386204;3,984262;0,7257005;0,01735144;-0,8987658;-3,613322;-4,052986;3,10449;-2,847698;3,745471;-3,054565;4,956424;1,374577;-1,23481;-4,51019;-1,137267;0,1838291;-1,648204;1,113389;-2,984744;3,841807
Index: 10 | Name: car 6 | Brain Type: RandomParents | Fitness: 1,748338 | BrainData : 0,9423757;1,146679;3,917241;0,5990196;3,318644;-0,7617497;4,057371;0,7187627;0,01735144;-0,792068;-3,613322;-4,086545;3,075742;-2,816604;3,659379;-3,03431;4,962324;1,331875;-1,238694;-4,501415;-1,178932;0,1645281;-1,617467;1,117389;-3,016198;3,898333
Index: 11 | Name: car 40 | Brain Type: TOP2 | Fitness: 1,746762 | BrainData : 0,8510538;1,146679;3,93904;0,5994747;3,325327;-0,7386204;4,054823;0,7414752;0,02441244;-0,8512695;-3,613322;-4,085927;3,069725;-2,847698;3,728169;-3,001273;4,909264;1,333068;-1,251332;-4,506008;-1,169757;0,1838291;-1,614199;1,121511;-2,948856;3,881842
Index: 12 | Name: car 35 | Brain Type: TOP2 | Fitness: 1,728149 | BrainData : 0,8359134;1,146679;3,965561;0,5740947;3,325327;-0,7386204;4,01067;0,7155616;-0,01490794;-0,8169295;-3,613322;-4,101373;3,10449;-2,810491;3,74341;-3,041841;4,937812;1,333068;-1,251332;-4,51019;-1,136795;0,1866535;-1,614199;1,088288;-2,980266;3,842103
Index: 13 | Name: car 14 | Brain Type: RandomParents | Fitness: 1,694299 | BrainData : 0,8392736;1,212105;3,96247;0,5168551;3,376589;-0,7386204;3,979875;0,7438359;0,01735144;-0,9043399;-3,613322;-4,098351;3,051132;-2,847698;3,628075;-3,045848;4,923987;1,333068;-1,193977;-4,546325;-1,178932;0,1838291;-1,657669;1,107176;-2,989026;3,881752
Index: 14 | Name: car 21 | Brain Type: TotallyRandom | Fitness: 1,666508 | BrainData : -1,517679;3,300478;-4,918877;3,666216;4,350037;-0,2886014;1,375474;1,734438;0,2998109;0,4052706;-0,2478547;-2,684859;-4,274236;4,927305;-4,977163;2,389454;0,2116079;2,391622;-1,618921;3,610549;-1,932942;-0,2280836;-4,759332;-4,341382;-2,151613;-0,03802824
Index: 15 | Name: car 41 | Brain Type: TOP2 | Fitness: 1,657501 | BrainData : 0,867152;1,146679;3,96247;0,5546302;3,325327;-0,703985;4,01067;0,7155616;0,04069656;-0,8512695;-3,604553;-4,095902;3,106774;-2,831387;3,74341;-3,041841;4,993927;1,322064;-1,232188;-4,558417;-1,137267;0,138525;-1,587802;1,14253;-2,984744;3,881842
Index: 16 | Name: car 37 | Brain Type: TOP2 | Fitness: 1,63502 | BrainData : 0,8601629;1,146679;3,96247;0,6002075;3,314417;-0,7386204;4,01067;0,744792;0,01735144;-0,8512695;-3,613322;-4,095902;3,10449;-2,86685;3,74341;-3,041841;4,956424;1,333068;-1,251332;-4,51019;-1,137267;0,1781521;-1,581274;1,113389;-2,951291;3,881842
Index: 17 | Name: car 47 | Brain Type: TOP2 | Fitness: 1,631602 | BrainData : 0,8412192;1,120771;3,96247;0,5546302;3,325327;-0,7241487;4,01067;0,7155616;0,01735144;-0,8512695;-3,634816;-4,083399;3,10449;-2,879255;3,74341;-3,019844;4,956424;1,333068;-1,23169;-4,51019;-1,137267;0,1838291;-1,614199;1,113389;-2,996856;3,843368
Index: 18 | Name: car 31 | Brain Type: TOP2 | Fitness: 1,62805 | BrainData : 0,867152;1,167853;3,958786;0,5687639;3,325327;-0,7386204;4,01067;0,6972575;0,003478784;-0,8592633;-3,624324;-4,095902;3,10449;-2,847698;3,74341;-3,041841;4,956424;1,381072;-1,238539;-4,496469;-1,137267;0,2243944;-1,663154;1,091121;-2,984744;3,881842
Index: 19 | Name: car 11 | Brain Type: RandomParents | Fitness: 1,615 | BrainData : 0,9017876;1,212721;3,96247;0,5546302;3,393603;-0,7386204;3,972062;0,7744302;0,001568601;-0,8679262;-3,592219;-4,055544;3,01751;-2,829437;3,648389;-3,044285;4,918818;1,35296;-1,270712;-4,520711;-1,178844;0,1413976;-1,609765;1,107665;-3,05234;3,905483
Index: 20 | Name: car 29 | Brain Type: TOP2 | Fitness: 1,614734 | BrainData : 0,8957627;1,182007;3,975746;0,5737951;3,325327;-0,7386204;4,01067;0,7155616;0,06229305;-0,8512695;-3,613322;-4,095902;3,10449;-2,847698;3,74341;-3,010691;4,915051;1,364172;-1,242244;-4,51019;-1,177976;0,1650825;-1,603619;1,113389;-2,984744;3,911687
Index: 21 | Name: car 25 | Brain Type: TOP2 | Fitness: 1,579625 | BrainData : 0,867152;1,146679;3,914542;0,5673115;3,295202;-0,7089092;4,01067;0,7155616;0,04903773;-0,8104956;-3,613322;-4,092029;3,085548;-2,848936;3,74341;-3,041841;4,957899;1,373829;-1,267097;-4,51019;-1,137267;0,1838291;-1,614199;1,138292;-2,983057;3,881842
Index: 22 | Name: car 27 | Brain Type: TOP2 | Fitness: 1,579145 | BrainData : 0,867152;1,13973;4,007958;0,5866628;3,325327;-0,7386204;4,00083;0,668991;0,01735144;-0,8457094;-3,644829;-4,095902;3,10449;-2,847698;3,713321;-3,05312;4,917788;1,333068;-1,208487;-4,544235;-1,137267;0,1838291;-1,614199;1,113389;-3,03222;3,881842
Index: 23 | Name: car 42 | Brain Type: TOP2 | Fitness: 1,577591 | BrainData : 0,9147363;1,146679;3,997854;0,5157685;3,325327;-0,7386204;4,032426;0,7223489;0,01720199;-0,8512695;-3,613322;-4,095902;3,099664;-2,847698;3,74341;-3,041841;4,955176;1,29696;-1,251332;-4,51019;-1,162376;0,1866235;-1,614199;1,15029;-2,955445;3,881842
Index: 24 | Name: car 30 | Brain Type: TOP2 | Fitness: 1,574833 | BrainData : 0,867152;1,166276;3,958567;0,5889999;3,325327;-0,7386204;3,965977;0,6705609;0,01735144;-0,8512695;-3,659943;-4,095902;3,10449;-2,875575;3,74341;-3,041841;4,956424;1,362644;-1,251332;-4,51019;-1,110184;0,1611114;-1,614199;1,085472;-2,984744;3,831902
Index: 25 | Name: car 26 | Brain Type: TOP2 | Fitness: 1,574106 | BrainData : 0,867152;1,146679;4,003263;0,5308809;3,324522;-0,7386204;4,01067;0,7155616;0,01735144;-0,8650498;-3,569033;-4,095902;3,135258;-2,882185;3,74341;-3,017808;4,931688;1,333068;-1,251332;-4,51019;-1,137267;0,1484892;-1,614199;1,113389;-2,990034;3,881842
Index: 26 | Name: car 49 | Brain Type: TOP2 | Fitness: 1,556301 | BrainData : 0,8455689;1,112052;3,977372;0,5546302;3,325327;-0,7386204;4,007669;0,7155616;0,01735144;-0,8512695;-3,617062;-4,047758;3,10833;-2,847698;3,740269;-3,057527;4,956424;1,333068;-1,251332;-4,51019;-1,137267;0,1838291;-1,566669;1,143492;-2,984744;3,894427
Index: 27 | Name: car 4 | Brain Type: RandomParents | Fitness: 1,555688 | BrainData : 0,867152;1,086502;3,982902;0,5418537;3,307294;-0,7219794;4,00169;0,82343;0,01735144;-0,8432946;-3,638548;-4,050126;3,086964;-2,856486;3,687976;-3,079924;4,918818;1,374663;-1,251734;-4,481542;-1,13382;0,1838291;-1,579484;1,107665;-3,051222;3,884774
Index: 28 | Name: car 32 | Brain Type: TOP2 | Fitness: 1,362445 | BrainData : 0,8178515;1,100489;3,921359;0,5546302;3,309072;-0,7386204;3,999701;0,7021104;0,01735144;-0,8439631;-3,617358;-4,079651;3,10449;-2,852439;3,745341;-3,041841;4,964509;1,333068;-1,251332;-4,557106;-1,128042;0,1838291;-1,614199;1,139197;-3,001952;3,868097
Index: 29 | Name: car 33 | Brain Type: TOP2 | Fitness: 1,209511 | BrainData : 0,867152;1,146679;3,96247;0,5546302;3,308818;-0,7120386;4,057966;0,7155616;0,06692495;-0,8512695;-3,613322;-4,095902;3,111984;-2,812559;3,74341;-3,041841;4,976237;1,327029;-1,251332;-4,532762;-1,155725;0,1838291;-1,567057;1,073914;-2,984744;3,881842
Index: 30 | Name: car 13 | Brain Type: RandomParents | Fitness: 1,153646 | BrainData : 0,8855634;1,146679;3,963814;0,5470505;3,298617;-0,6774064;4,01067;0,7506622;0,08334547;-0,7988238;-3,572837;-4,056194;3,052882;-2,847698;3,671084;-3,065794;4,898519;1,333068;-1,250974;-4,548015;-1,178932;0,1369766;-1,633911;1,095872;-3,033562;3,898333
Index: 31 | Name: car 39 | Brain Type: TOP2 | Fitness: 1,096901 | BrainData : 0,8833839;1,146679;3,96247;0,5546302;3,325327;-0,7386204;4,01067;0,7155616;-0,02394788;-0,8512695;-3,660691;-4,095902;3,105392;-2,847698;3,74341;-3,041841;4,937361;1,360426;-1,272609;-4,538394;-1,137267;0,228752;-1,614199;1,113389;-2,952269;3,8417
Index: 32 | Name: car 44 | Brain Type: TOP2 | Fitness: 1,05287 | BrainData : 0,8423679;1,146898;3,96247;0,5490863;3,325327;-0,7122265;4,050229;0,6838409;0,01735144;-0,8294435;-3,613322;-4,095902;3,10449;-2,859682;3,74341;-3,041841;4,956424;1,333068;-1,235305;-4,550618;-1,137267;0,1899495;-1,614199;1,15196;-2,995965;3,881842
Index: 33 | Name: car 9 | Brain Type: RandomParents | Fitness: 0,8003936 | BrainData : 0,9022017;1,24526;3,9318;0,5477026;3,366552;-0,7567633;4,034735;0,8107312;-0,001680783;-0,8859984;-3,721654;-4,11849;3,067574;-2,836358;3,773356;-3,095124;4,772868;1,261226;-1,244019;-4,529538;-1,10844;0,1151221;-1,628334;1,050766;-3,026225;3,84189
Index: 34 | Name: car 7 | Brain Type: RandomParents | Fitness: 0,6074524 | BrainData : 1,782173;0,4528019;4,139021;4,453549;0,9479411;4,075714;-2,721149;3,335798;-4,257504;-1,45667;2,222237;2,940393;2,445922;-2,01425;2,548584;1,770156;3,48854;1,184227;1,737836;-3,578082;-0,9443062;-4,258028;-3,705178;4,557518;0,1372871;0,1130314
Index: 35 | Name: car 50 | Brain Type: RandomParents | Fitness: 0,5522003 | BrainData : 3,448521;-4,614679;1,733874;-1,187503;0,7297177;-3,540001;-2,816845;1,044611;-2,166562;-0,007343769;-4,710683;2,974766;1,763914;2,099257;-0,5843182;-0,1223903;-1,89985;1,505522;3,168476;0,36588;-0,5192237;-1,583198;-0,6951456;0,8011193;0,2372093;1,52245
Index: 36 | Name: car 19 | Brain Type: TotallyRandom | Fitness: 0,5207762 | BrainData : 4,8133;-1,35181;-1,746337;4,702562;1,282738;-2,337732;-1,991825;-4,039518;2,041219;-2,750267;-3,472508;2,862653;0,1391072;4,616596;3,17787;-2,753749;3,968381;-1,555167;-3,262639;-0,01423168;2,327975;-3,446977;-2,735052;1,715133;0,8965807;-1,334419
Index: 37 | Name: car 10 | Brain Type: RandomParents | Fitness: 0,4896396 | BrainData : -0,2623887;3,385448;2,826242;0,9669662;4,979745;4,064636;-2,19585;2,696331;0,3190761;-0,4143422;-4,733954;2,757561;0,9988638;2,953535;-3,777624;2,247604;-3,789078;-4,56846;0,4217606;1,00139;2,054374;-2,509951;-4,581289;-4,055167;3,99083;-2,010621
Index: 38 | Name: car 0 | Brain Type: RandomParents | Fitness: 0,4888745 | BrainData : 2,715593;-3,437453;0,8163018;-2,442513;1,386064;1,05059;2,376928;-0,6115384;-3,588669;-2,365318;-1,770473;4,600725;-2,327884;-4,450669;-4,54652;-1,674966;-2,169344;-3,848068;-4,712466;-2,677268;-4,66196;2,891341;-0,4852443;-2,151988;3,452646;-1,344343
Index: 39 | Name: car 2 | Brain Type: RandomParents | Fitness: 0,4885872 | BrainData : -0,2623887;3,36756;2,841928;0,9800002;5,02128;4,04029;-2,209025;2,696331;0,3190761;-0,4208037;-4,737655;2,783165;1,013301;2,980632;-3,787034;2,262329;-3,806584;-4,526932;0,4410679;1,096583;2,037489;-2,479673;-4,601233;-4,04833;4,023143;-1,975169
Index: 40 | Name: car 15 | Brain Type: TotallyRandom | Fitness: 0,487942 | BrainData : 2,603889;-2,516962;-2,003662;-2,193708;-4,165177;-2,425336;1,496268;-4,294025;-4,739803;4,678334;-2,420399;4,969355;0,8317323;-4,849133;3,540412;0,6084747;-2,841496;2,372075;2,387278;0,7880278;2,111639;-3,67546;3,864785;-1,847861;2,158056;-1,759049
Index: 41 | Name: car 18 | Brain Type: TotallyRandom | Fitness: 0,484739 | BrainData : 1,467504;0,2213745;-4,352635;1,59181;-1,399459;-3,603783;-1,663304;3,060527;-2,266026;3,847718;0,7415576;-4,832335;0,6712775;2,858075;-4,676162;-0,6899304;-4,900229;-3,125168;1,940081;4,565538;0,314631;3,947413;4,454452;-1,454318;2,432536;2,215227
Index: 42 | Name: car 20 | Brain Type: TotallyRandom | Fitness: 0,4831448 | BrainData : 3,627642;2,39861;4,013708;-4,87916;3,481578;2,930139;2,777828;0,5909057;3,172134;-0,02109098;-4,857225;0,3098578;1,418393;3,509827;-3,52009;3,810366;1,858383;3,927916;4,157628;3,817125;4,569782;-2,234215;4,857349;2,722783;4,416276;1,58865
Index: 43 | Name: car 23 | Brain Type: TotallyRandom | Fitness: 0,4246413 | BrainData : 3,150521;-4,772398;-1,936314;0,1614232;-2,645608;-3,95143;-0,1027184;-4,298615;-4,28381;-0,02077866;-1,535577;-0,4125209;0,2464037;-4,8376;2,921601;-1,199679;2,745398;3,406068;1,308672;4,824406;1,523991;4,210964;4,223013;3,251996;0,1019411;-3,658652
Index: 44 | Name: car 24 | Brain Type: TotallyRandom | Fitness: 0,408421 | BrainData : 2,519314;2,731934;3,386735;-3,790773;-2,107547;-0,3897433;0,7436423;-3,833587;0,0725956;-0,9179025;1,55003;2,662292;-0,9121137;-0,543323;4,549245;4,539904;4,060139;-4,701777;1,423353;0,5810566;-3,712788;-1,732256;-0,4994507;-0,03265572;3,184737;-3,015408
Index: 45 | Name: car 22 | Brain Type: TotallyRandom | Fitness: 0,3775798 | BrainData : 1,212055;2,900666;2,688243;4,871226;-0,4487391;-3,213645;-2,664509;-0,5827432;0,5101018;-2,378486;0,6658454;3,787459;0,5683475;1,172443;-0,1344581;-1,232318;-2,261433;3,2086;-0,3737621;-1,95487;-0,6462522;-3,778281;4,591612;-4,265141;-0,1318245;-3,395882
Index: 46 | Name: car 12 | Brain Type: RandomParents | Fitness: 0,3623059 | BrainData : 4,982924;1,4913;2,065599;0,2855091;-0,108842;2,554348;-2,37816;-1,657798;4,732862;-4,001358;4,904285;2,857352;-0,7109613;-1,734119;-2,925913;1,193364;-1,168285;-1,557243;3,395481;0,1244344;0,8956501;2,338997;-3,715696;4,48329;-1,315207;-1,395862
Index: 47 | Name: car 17 | Brain Type: TotallyRandom | Fitness: 0,3555676 | BrainData : 0,3662653;-4,713903;1,969088;2,045195;0,5239587;1,967693;2,082411;-1,040587;-0,6451197;0,8076673;-1,883016;-4,800582;-1,823571;-3,337827;3,746471;3,733856;-3,762235;-1,951603;-2,991476;1,1394;-2,331111;2,852304;2,240751;-0,06491137;-3,116899;-1,728082
Index: 48 | Name: car 5 | Brain Type: RandomParents | Fitness: 0,3535201 | BrainData : -4,402406;-4,946969;2,655204;-4,682783;-3,006418;-0,6418695;-4,208322;1,179939;-4,651364;4,005269;-2,015451;1,029803;-0,6125609;-0,605856;-3,384332;-0,7787803;0,02321168;2