Generation: 808 | maxFitness: 3,670536 | maxFitnessGen: 2,003795 | maxFitnessGenBuf: 2,032677
N TotallyRandom: 10 | N RandomParents: 15 | N Top2: 25 | Min Mutation: 0,5

Index: 0 | Name: car 30 | Brain Type: TOP2 | Fitness: 2,032677 | BrainData : -2,211058;0,04359839;-1,870911;0,3936149;-3,451973;4,389366;-0,1649222;3,394671;2,078191;4,436482;1,110797;-4,638704;-4,384049;1,91661;-2,532358;-3,741372;-0,5646416;-4,8725;4,542683;-0,2724876;-3,957343;-3,326226;2,030693;-2,537723;-2,042103;4,120506
Index: 1 | Name: car 36 | Brain Type: TOP2 | Fitness: 2,032677 | BrainData : -2,143193;0,02216892;-1,887933;0,3999118;-3,417902;4,351254;-0,1649222;3,394671;2,078191;4,398991;1,110797;-4,638704;-4,384049;1,986338;-2,515007;-3,761773;-0,5443914;-4,90286;4,588235;-0,3028784;-4,004741;-3,238375;2,030693;-2,554631;-2,042103;4,120506
Index: 2 | Name: car 28 | Brain Type: TOP2 | Fitness: 1,930757 | BrainData : -2,226434;0,06022741;-1,870911;0,3936149;-3,417902;4,351254;-0,2032986;3,394671;2,099806;4,454762;1,110797;-4,67076;-4,352029;1,936545;-2,545896;-3,758688;-0,5492424;-4,8725;4,588235;-0,2724876;-3,92981;-3,301794;2,020053;-2,516288;-2,042103;4,136428
Index: 3 | Name: car 7 | Brain Type: RandomParents | Fitness: 1,924321 | BrainData : -2,253074;0,1065811;-1,86808;0,3701135;-3,462429;4,342368;-0,215738;3,399792;2,185227;4,435559;1,129588;-4,653502;-4,391696;1,91707;-2,539222;-3,775316;-0,4935614;-4,824523;4,555155;-0,2724876;-3,97504;-3,298491;2,021557;-2,537466;-2,046079;4,120506
Index: 4 | Name: car 8 | Brain Type: RandomParents | Fitness: 1,918183 | BrainData : -2,198167;0,09618795;-1,877313;0,3965902;-3,462429;4,307148;-0,13735;3,394671;2,145404;4,455156;1,128632;-4,653502;-4,418921;1,915937;-2,584742;-3,775316;-0,5026582;-4,787732;4,569104;-0,3167964;-3,931692;-3,25634;1,999893;-2,559165;-2,047968;4,099147
Index: 5 | Name: car 5 | Brain Type: RandomParents | Fitness: 1,915619 | BrainData : -2,187545;0,09391913;-1,838824;0,4147339;-3,507457;4,370234;-0,1715713;3,407999;2,162206;4,419144;1,155817;-4,691795;-4,384049;1,897845;-2,547271;-3,767159;-0,5171636;-4,847008;4,625316;-0,2652212;-3,944305;-3,25634;2,022277;-2,579902;-2,029425;4,120506
Index: 6 | Name: car 49 | Brain Type: TOP2 | Fitness: 1,907758 | BrainData : -2,18768;0,03965696;-1,917032;0,4201461;-3,417902;4,360286;-0,1828625;3,434075;2,078191;4,387365;1,110797;-4,596442;-4,384049;1,936545;-2,532358;-3,729165;-0,5388472;-4,8725;4,588235;-0,2724876;-3,957343;-3,282856;2,030475;-2,581837;-2,042103;4,142606
Index: 7 | Name: car 40 | Brain Type: TOP2 | Fitness: 1,905376 | BrainData : -2,18768;0,06022741;-1,899506;0,4222671;-3,460794;4,351254;-0,1956373;3,394671;2,078191;4,436482;1,110797;-4,638704;-4,351315;1,936545;-2,544193;-3,758688;-0,4955004;-4,844255;4,588235;-0,2724876;-3,98338;-3,246657;2,060288;-2,537466;-2,021667;4,15957
Index: 8 | Name: car 26 | Brain Type: TOP2 | Fitness: 1,894205 | BrainData : -2,18768;0,07142159;-1,870911;0,4434727;-3,417902;4,344005;-0,1857737;3,394671;2,108981;4,436482;1,076939;-4,638704;-4,397188;1,936545;-2,532358;-3,758688;-0,5918161;-4,842048;4,588235;-0,2237171;-3,957343;-3,234345;2,078783;-2,552509;-1,99753;4,120506
Index: 9 | Name: car 45 | Brain Type: TOP2 | Fitness: 1,892732 | BrainData : -2,18768;0,08747914;-1,864134;0,3733596;-3,399379;4,322062;-0,1649222;3,394671;2,056708;4,482905;1,094044;-4,673762;-4,384049;1,936545;-2,571547;-3,758688;-0,4975135;-4,827823;4,60517;-0,2724876;-3,965422;-3,282856;2,044299;-2,537466;-2,042103;4,14262
Index: 10 | Name: car 39 | Brain Type: TOP2 | Fitness: 1,86183 | BrainData : -2,18768;0,01640915;-1,870911;0,3781698;-3,417902;4,334718;-0,1646862;3,394671;2,078191;4,436482;1,110797;-4,638704;-4,432384;1,936545;-2,526816;-3,804964;-0,5443914;-4,8725;4,588235;-0,2724876;-4,001519;-3,282856;2,004325;-2,537466;-2,042103;4,131201
Index: 11 | Name: car 41 | Brain Type: TOP2 | Fitness: 1,860127 | BrainData : -2,234354;0,03960474;-1,870911;0,4405609;-3,417902;4,34818;-0,1976344;3,394671;2,028593;4,435698;1,090052;-4,638334;-4,391668;1,936545;-2,532358;-3,758688;-0,5443914;-4,875348;4,588235;-0,2724876;-3,945508;-3,282856;2,000438;-2,566441;-2,042103;4,120506
Index: 12 | Name: car 37 | Brain Type: TOP2 | Fitness: 1,85904 | BrainData : -2,18768;0,06022741;-1,889012;0,3936149;-3,414139;4,351254;-0,1649222;3,394671;2,078191;4,436482;1,09555;-4,638704;-4,384049;1,936545;-2,532358;-3,775142;-0,5443914;-4,8725;4,61052;-0,2724876;-3,914298;-3,282856;1,98183;-2,537466;-2,042103;4,077493
Index: 13 | Name: car 38 | Brain Type: TOP2 | Fitness: 1,855017 | BrainData : -2,18768;0,01935578;-1,869727;0,3841071;-3,417902;4,351254;-0,1649222;3,427719;2,078191;4,417524;1,109194;-4,601208;-4,370113;1,936545;-2,50829;-3,732448;-0,5443914;-4,843832;4,588235;-0,2477022;-3,934666;-3,286183;2,069462;-2,538834;-2,025385;4,155879
Index: 14 | Name: car 42 | Brain Type: TOP2 | Fitness: 1,837147 | BrainData : -2,18768;0,06022741;-1,870911;0,3936149;-3,417902;4,351254;-0,1649222;3,353162;2,070031;4,436482;1,110797;-4,638704;-4,400804;1,91867;-2,532358;-3,781431;-0,5443914;-4,903892;4,588235;-0,2724876;-4,003213;-3,282856;2,05336;-2,537466;-2,042103;4,152318
Index: 15 | Name: car 46 | Brain Type: TOP2 | Fitness: 1,822802 | BrainData : -2,164495;0,06022741;-1,887257;0,4058042;-3,417132;4,339964;-0,209026;3,411967;2,078191;4,436482;1,105644;-4,654997;-4,384049;1,936545;-2,502491;-3,710771;-0,5710042;-4,823508;4,588235;-0,2864506;-3,9727;-3,282856;2,036885;-2,537466;-2,042103;4,120506
Index: 16 | Name: car 29 | Brain Type: TOP2 | Fitness: 1,819427 | BrainData : -2,18768;0,08108774;-1,870911;0,3706565;-3,402095;4,351254;-0,2124596;3,394671;2,078191;4,436482;1,091859;-4,651009;-4,384049;1,936545;-2,532358;-3,758688;-0,5353658;-4,8725;4,616885;-0,2724876;-3,930323;-3,282856;2,030693;-2,537466;-2,050138;4,120506
Index: 17 | Name: car 33 | Brain Type: TOP2 | Fitness: 1,818795 | BrainData : -2,18768;0,01675102;-1,870911;0,3936149;-3,417902;4,351254;-0,1263355;3,394671;2,078191;4,451011;1,110797;-4,674762;-4,384049;1,936545;-2,532358;-3,758688;-0,5443914;-4,8725;4,598185;-0,3081792;-3,957343;-3,282856;1,988948;-2,493888;-2,069209;4,076066
Index: 18 | Name: car 43 | Brain Type: TOP2 | Fitness: 1,813861 | BrainData : -2,202152;0,06022741;-1,839233;0,3529679;-3,417902;4,351254;-0,1569458;3,374882;2,119717;4,436482;1,101049;-4,638704;-4,404353;1,949804;-2,532358;-3,758688;-0,5210956;-4,8725;4,588235;-0,2420857;-3,957343;-3,282856;2,030693;-2,537466;-1,999771;4,120506
Index: 19 | Name: car 27 | Brain Type: TOP2 | Fitness: 1,812427 | BrainData : -2,194949;0,06022741;-1,870911;0,3725158;-3,411408;4,351254;-0,1491291;3,406043;2,078191;4,472349;1,110797;-4,638704;-4,384049;1,936545;-2,526342;-3,758688;-0,5443914;-4,8725;4,565171;-0,2914893;-3,957343;-3,282856;2,007085;-2,537466;-1,995174;4,071713
Index: 20 | Name: car 4 | Brain Type: RandomParents | Fitness: 1,809968 | BrainData : -2,226398;0,09618795;-1,870911;0,4361376;-3,514901;4,276341;-0,1590585;3,429144;2,117482;4,44203;1,116401;-4,649825;-4,370894;1,91727;-2,551899;-3,773767;-0,5318619;-4,853015;4,56742;-0,3062473;-4,007414;-3,25634;2,022277;-2,544957;-2,057155;4,116363
Index: 21 | Name: car 44 | Brain Type: TOP2 | Fitness: 1,801262 | BrainData : -2,168472;0,06726277;-1,91292;0,3715014;-3,417902;4,351254;-0,1649222;3,424139;2,108047;4,436482;1,110797;-4,638704;-4,384049;1,898532;-2,505857;-3,7169;-0,5443914;-4,8725;4,540847;-0,2724876;-3,957343;-3,28551;1,981549;-2,537466;-2,042103;4,120506
Index: 22 | Name: car 47 | Brain Type: TOP2 | Fitness: 1,795607 | BrainData : -2,149952;0,01965025;-1,821284;0,3936149;-3,417902;4,351254;-0,1649222;3,433594;2,1041;4,436482;1,087292;-4,619022;-4,373421;1,936545;-2,568833;-3,79934;-0,5434192;-4,8725;4,589987;-0,2724876;-3,957343;-3,282856;2,011464;-2,57876;-2,042103;4,120506
Index: 23 | Name: car 12 | Brain Type: RandomParents | Fitness: 1,794112 | BrainData : -2,264114;0,08384256;-1,870911;0,4142441;-3,459321;4,325041;-0,1960541;3,394671;2,127429;4,511596;1,210333;-4,622644;-4,363199;1,91727;-2,523789;-3,800485;-0,5098221;-4,833676;4,612239;-0,2724876;-4,043709;-3,25634;2,011687;-2,563625;-2,00207;4,115415
Index: 24 | Name: car 14 | Brain Type: RandomParents | Fitness: 1,793908 | BrainData : -2,201535;0,1137837;-1,830821;0,4165782;-3,410382;4,342547;-0,09179765;3,394671;2,10912;4,456847;1,157278;-4,637281;-4,384049;1,888553;-2,535065;-3,723639;-0,5171636;-4,808129;4,620985;-0,2795534;-3,916867;-3,282447;1,979849;-2,500222;-2,039643;4,124783
Index: 25 | Name: car 2 | Brain Type: RandomParents | Fitness: 1,783283 | BrainData : -2,252467;0,09618795;-1,870911;0,3977292;-3,462429;4,344333;-0,1839788;3,394671;2,127429;4,417239;1,133458;-4,589959;-4,384049;1,973557;-2,521053;-3,775316;-0,5171636;-4,803289;4,572227;-0,2326119;-3,957343;-3,287176;1,995649;-2,520844;-2,079332;4,102378
Index: 26 | Name: car 11 | Brain Type: RandomParents | Fitness: 1,7531 | BrainData : -2,241573;0,09093477;-1,837662;0,4759534;-3,480683;4,230327;-0,2403439;3,383651;2,087325;4,468863;1,116853;-4,676927;-4,40135;1,863778;-2,519631;-3,813034;-0,4710668;-4,893983;4,643291;-0,2682524;-3,875939;-3,22209;2,054243;-2,482237;-2,04553;4,101142
Index: 27 | Name: car 35 | Brain Type: TOP2 | Fitness: 1,73759 | BrainData : -2,148142;0,06022741;-1,870911;0,3805746;-3,417902;4,397312;-0,1332445;3,394671;2,078191;4,436482;1,110797;-4,681542;-4,406178;1,936545;-2,501986;-3,728692;-0,5443914;-4,822923;4,618837;-0,2251124;-3,957343;-3,260881;2,030693;-2,544152;-2,077819;4,164459
Index: 28 | Name: car 34 | Brain Type: TOP2 | Fitness: 1,731017 | BrainData : -2,225822;0,0578916;-1,87333;0,3936149;-3,417902;4,351254;-0,1649222;3,394671;2,078191;4,436482;1,110797;-4,638704;-4,384049;1,927747;-2,532358;-3,736771;-0,5443914;-4,858683;4,588235;-0,2804099;-3,957343;-3,282856;2,030693;-2,54693;-2,042103;4,076958
Index: 29 | Name: car 9 | Brain Type: RandomParents | Fitness: 1,705098 | BrainData : -2,18066;0,01555263;-1,869927;0,3994144;-3,45141;4,334918;-0,178657;3,442736;2,098106;4,410964;1,133458;-4,683803;-4,384049;1,965836;-2,604834;-3,775316;-0,469675;-4,853015;4,546797;-0,2724876;-3,9083;-3,231106;2,040473;-2,54483;-2,046079;4,087742
Index: 30 | Name: car 31 | Brain Type: TOP2 | Fitness: 1,702672 | BrainData : -2,140364;0,06022741;-1,870911;0,3552001;-3,417902;4,352456;-0,1649222;3,437804;2,078191;4,436482;1,110797;-4,638704;-4,354466;1,971143;-2,532358;-3,758688;-0,5378274;-4,8725;4,588653;-0,2724876;-3,957343;-3,282856;2,054946;-2,499222;-2,042103;4,120506
Index: 31 | Name: car 25 | Brain Type: TOP2 | Fitness: 1,650839 | BrainData : -2,233581;0,06022741;-1,870911;0,4416279;-3,417902;4,383556;-0,1649222;3,394671;2,115525;4,436482;1,110797;-4,666406;-4,425429;1,936545;-2,513254;-3,783386;-0,5443914;-4,8725;4,588235;-0,2724876;-3,996122;-3,241492;1,98558;-2,537466;-2,042103;4,120506
Index: 32 | Name: car 32 | Brain Type: TOP2 | Fitness: 1,231868 | BrainData : -2,18768;0,06022741;-1,870911;0,3483707;-3,391071;4,376513;-0,1649222;3,405414;2,078191;4,485124;1,110797;-4,628183;-4,365356;1,936545;-2,532358;-3,758688;-0,506238;-4,8725;4,611927;-0,3185968;-3,958699;-3,282856;2,065207;-2,537466;-2,042103;4,084455
Index: 33 | Name: car 48 | Brain Type: TOP2 | Fitness: 0,9273827 | BrainData : -2,18768;0,06022741;-1,868212;0,3936149;-3,465948;4,382994;-0,2072043;3,367013;2,078191;4,428075;1,110797;-4,638704;-4,420577;1,944496;-2,532358;-3,762156;-0,5581064;-4,8725;4,618045;-0,2724876;-3,997738;-3,305967;2,077802;-2,526273;-2,089616;4,079024
Index: 34 | Name: car 23 | Brain Type: TotallyRandom | Fitness: 0,8737826 | BrainData : 0,7801991;-4,208783;4,465814;3,673388;-3,693051;-0,2453656;-0,6932492;-2,568041;4,132061;-3,848495;-4,98351;-0,01261425;0,3213673;-3,763505;4,416312;-2,551407;3,077505;-1,02829;-1,612285;2,567289;3,824089;-4,074583;-0,08863974;-2,648609;-0,5162554;2,35488
Index: 35 | Name: car 13 | Brain Type: RandomParents | Fitness: 0,7475388 | BrainData : 0,4282956;0,3847737;-4,490814;3,506041;2,585419;1,200739;-3,17421;-4,588482;3,029555;-2,585559;1,689861;-2,716898;-4,149036;-0,9600348;2,452746;-4,675249;0,8271845;-3,548787;-4,487327;2,205585;-2,685245;-1,475441;-1,149181;-2,146597;-1,038567;1,4648
Index: 36 | Name: car 6 | Brain Type: RandomParents | Fitness: 0,7455539 | BrainData : 0,3939239;0,3847737;-4,512242;3,538198;2,552881;1,23496;-3,17297;-4,60343;3,023509;-2,607682;1,688167;-2,716898;-4,149036;-0,950363;2,452746;-4,656505;0,8216352;-3,58022;-4,433893;2,173944;-2,682113;-1,47652;-1,088745;-2,146597;-1,087259;1,504752
Index: 37 | Name: car 21 | Brain Type: TotallyRandom | Fitness: 0,6466545 | BrainData : 1,487791;0,4077773;1,929245;2,380441;-4,259982;4,409494;-2,558483;1,005618;-2,448783;2,897948;1,010385;2,251233;-3,719498;2,006965;-0,3279333;-2,731569;-4,480185;2,248033;4,092446;3,729423;-1,352109;0,0361805;-4,048519;-0,7063918;-3,206735;-1,011877
Index: 38 | Name: car 1 | Brain Type: RandomParents | Fitness: 0,625037 | BrainData : -4,11799;4,486611;-3,654971;1,066875;-2,788268;4,155967;3,633705;2,852257;-3,901265;3,749319;2,315683;4,3851;0,07359154;-2,667173;4,103577;0,9079022;2,358871;-4,291975;2,750374;0,9518403;-0,8353934;3,098444;-1,932856;-2,936814;1,159875;3,348406
Index: 39 | Name: car 17 | Brain Type: TotallyRandom | Fitness: 0,6121712 | BrainData : -2,30143;4,32261;0,9233851;1,068192;-3,818293;0,647512;0,2561073;0,634882;-1,065893;2,395025;-1,10708;3,451371;0,8322592;-3,651736;-2,574341;3,069748;-1,922295;3,334427;-0,1075954;3,903474;-0,7173152;-2,056215;-1,082638;2,441278;3,441067;0,5057673
Index: 40 | Name: car 18 | Brain Type: TotallyRandom | Fitness: 0,6116529 | BrainData : -0,2068071;-3,489732;-1,761198;2,417463;-2,27146;3,046242;-4,56923;-4,791872;3,046457;3,975253;2,273625;4,959562;-3,656802;-2,725307;-2,992688;1,999595;1,628795;-3,623466;3,072364;1,521106;1,741019;-4,704867;2,227514;-3,198923;2,397762;-0,4328041
Index: 41 | Name: car 3 | Brain Type: RandomParents | Fitness: 0,6111509 | BrainData : -0,1276679;1,88304;2,527139;-4,853978;-3,386533;1,340025;-3,379071;-2,450914;-0,1895082;0,01863202;4,785524;-3,794718;2,681478;-3,898978;0,4508443;-0,4989119;-4,912337;3,070425;3,435599;3,697951;4,936728;1,72384;-2,661161;-0,1975317;0,2708118;-3,173877
Index: 42 | Name: car 24 | Brain Type: TotallyRandom | Fitness: 0,59766 | BrainData : 2,882056;-2,808615;-3,648882;-3,177071;-3,942217;1,475894;3,477648;-4,539852;0,1871104;-3,573102;-4,44026;3,813436;0,06672668;-2,005932;-2,893306;-0,1389961;-1,135047;-2,265563;2,738186;-1,167662;-1,773166;3,219143;-1,228816;2,210114;2,970171;-2,606644
Index: 43 | Name: car 19 | Brain Type: TotallyRandom | Fitness: 0,5953193 | BrainData : -0,8864803;-1,653211;-2,184398;-4,485586;-0,8766789;-0,02224159;-2,491901;-0,6914501;-0,1958613;-2,950523;0,9165163;-4,837601;2,088948;-2,232326;-4,787121;0,7564788;4,255547;3,874935;-0,8051734;0,08359957;1,294909;-4,921044;-4,405302;2,049892;4,253441;1,252837
Index: 44 | Name: car 50 | Brain Type: RandomParents | Fitness: 0,5874658 | BrainData : -0,3760071;-0,9817462;-1,001384;3,863887;4,623202;-0,4193311;-0,7815499;3,689641;-3,27331;-1,79805;0,497623;-2,484602;-0,8070974;4,403724;4,902693;1,467494;0,03586245;-1,451557;4,186388;3,174567;-3,114491;3,758358;0,3044314;3,317064;4,088759;-1,509928
Index: 45 | Name: car 20 | Brain Type: TotallyRandom | Fitness: 0,4825033 | BrainData : -1,995898;2,479166;3,24692;-2,845945;-3,870316;-2,21916;-3,572779;-4,296732;1,676441;2,037297;-4,496621;-1,831942;-1,848518;-2,256147;3,140371;4,112506;-0,347095;0,8367019;2,434103;-3,066753;2,985456;-0,1522737;-0,9245486;0,6903715;-1,029275;-0,04871416
Index: 46 | Name: car 15 | Brain Type: TotallyRandom | Fitness: 0,4239316 | BrainData : 1,582326;-2,665859;0,6138606;-4,810038;-4,935426;-4,958965;1,664381;-1,769208;2,402003;-4,206699;1,060266;-0,6942005;-3,209881;1,154557;-0,2578692;-2,042157;3,313035;0,9347777;-1,323874;-0,5447168;-2,23921;0,5634184;2,224572;0,6264501;-2,337296;-3,660923
Index: 47 | Name: car 10 | Brain Type: RandomParents | Fitness: 0,4228397 | BrainData : -0,7791899;-3,08134;3,309386;-0,1672416;3,763462;0,3067631;2,21672;1,736086;-4,666671;4,436942;0,6762438;-0,3082853;0,7741096;-1,852527;-1,681041;1,48447;1,757874;2,395909;3,171277;4,596649;-3,968683;-3,109146;3,490838;1,359268;-2,936407;1,994526
Index: 48 | Name: car 16 | Brain Type: TotallyRandom | Fitness: 0,4187665 | BrainData : 0,6590657;-3,277935;-0,1598902;4,073485;3,783866;-1