Generation: 2749 | maxFitness: 3,45061 | maxFitnessGen: 2,750509 | maxFitnessGenBuf: 2,778096

Index: 0 : -2,073296;-1,35094;-0,2696873;-3,758372;3,758489;-1,35094;-0,2696873;-3,758372;3,758489;-1,342909;-0,2696873;-3,758372;3,758489;-1,342909;-0,2197999;-3,758372;3,758489;-1,342909;-0,2197999;-3,804914;0;0;0;0;0;-0,02169156 | Fitness: 2,778096
Index: 1 : 4,61065;3,167815;-0,5432757;0,8841056;4,444343;3,167815;-0,5432757;0,8841056;4,444343;3,125154;-0,5432757;0,8841056;4,444343;3,125154;-0,5078244;0,8841056;4,444343;3,125154;-0,5078244;0,9304327;0;0;0;0;0;-0,02141304 | Fitness: 2,777788
Index: 2 : 4,319463;3,099338;-0,5177339;0,9639532;4,256193;3,099338;-0,5177339;0,9639532;4,256193;3,084062;-0,5177339;0,9639532;4,256193;3,084062;-0,4816847;0,9639532;4,256193;3,084062;-0,4816847;0,9910656;0;0;0;0;0;-0,0183785 | Fitness: 2,770439
Index: 3 : -1,755126;-1,632685;-4,168188;2,834796;0,7883592;-1,632685;-4,168188;2,834796;0,7883592;-1,679487;-4,168188;2,834796;0,7883592;-1,679487;-4,146108;2,834796;0,7883592;-1,679487;-4,146108;2,795972;0;0;0;0;-0,03482628;0,004136723 | Fitness: 2,752605
Index: 4 : -1,693898;-1,511765;-4,163732;2,738881;0,655748;-1,511765;-4,163732;2,738881;0,655748;-1,530957;-4,163732;2,738881;0,655748;-1,530957;-4,207631;2,738881;0,655748;-1,530957;-4,207631;2,783507;0;0;0;0;0,04236053;-0,02242387 | Fitness: 2,747816
Index: 5 : -1,809117;-1,580639;-4,087953;2,871702;0,7931676;-1,580639;-4,087953;2,871702;0,7931676;-1,625334;-4,087953;2,871702;0,7931676;-1,625334;-4,123342;2,871702;0,7931676;-1,625334;-4,123342;2,871702;0;0;0;0;0,00695911;-0,01483619 | Fitness: 2,739858
Index: 6 : -1,78164;-1,554637;-4,253293;2,767865;0,6897587;-1,554637;-4,253293;2,767865;0,6897587;-1,495048;-4,253293;2,767865;0,6897587;-1,495048;-4,221907;2,767865;0,6897587;-1,495048;-4,221907;2,799343;0;0;0;0;-0,01687753;0,001311366 | Fitness: 2,708797
Index: 7 : -1,728285;-1,549028;-4,114403;2,857985;0,8060099;-1,549028;-4,114403;2,857985;0,8060099;-1,507678;-4,114403;2,857985;0,8060099;-1,507678;-4,202162;2,857985;0,8060099;-1,507678;-4,202162;2,869965;0;0;0;0;-0,004780419;0,00191207 | Fitness: 2,703077
Index: 8 : -2,051025;-1,35094;-0,2430569;-3,804914;3,756915;-1,35094;-0,2430569;-3,804914;3,756915;-1,358982;-0,2430569;-3,804914;3,756915;-1,358982;-0,2430569;-3,804914;3,756915;-1,358982;-0,2430569;-3,776756;0;0;0;0;-0,04652735;0 | Fitness: 2,696107
Index: 9 : -2,069735;-1,373061;-0,2447126;-3,78064;3,78803;-1,373061;-0,2447126;-3,78064;3,78803;-1,335578;-0,2447126;-3,78064;3,78803;-1,335578;-0,277406;-3,78064;3,78803;-1,335578;-0,277406;-3,776432;0;0;0;0;-0,005314786;0,003396027 | Fitness: 2,685452
Index: 10 : -1,842553;-1,518664;-4,17035;2,857985;0,7584409;-1,518664;-4,17035;2,857985;0,7584409;-1,586403;-4,17035;2,857985;0,7584409;-1,586403;-4,17035;2,857985;0,7584409;-1,586403;-4,17035;2,857985;0;0;0;0;0,001077574;0,01468533 | Fitness: 2,654987
Index: 11 : -1,810841;-1,450144;-4,242207;2,832231;0,7634444;-1,450144;-4,242207;2,832231;0,7634444;-1,455207;-4,242207;2,832231;0,7634444;-1,455207;-4,217948;2,832231;0,7634444;-1,455207;-4,217948;2,858103;0;0;0;0;0;0,01597312 | Fitness: 2,654388
Index: 12 : -2,100556;-1,383866;-0,2426022;-3,78239;3,751961;-1,383866;-0,2426022;-3,78239;3,751961;-1,33689;-0,2426022;-3,78239;3,751961;-1,33689;-0,1678457;-3,78239;3,751961;-1,33689;-0,1678457;-3,744792;0;0;0;0;-0,03851317;0,01793987 | Fitness: 2,650716
Index: 13 : -1,868385;-1,578109;-4,106773;2,869279;0,8030401;-1,578109;-4,106773;2,869279;0,8030401;-1,574648;-4,106773;2,869279;0,8030401;-1,574648;-4,136896;2,869279;0,8030401;-1,574648;-4,136896;2,857985;0;0;0;0;-0,01702438;0,05580212 | Fitness: 2,648481
Index: 14 : -2,112295;-1,462136;-0,2170462;-3,72426;3,790839;-1,462136;-0,2170462;-3,72426;3,790839;-1,389157;-0,2170462;-3,72426;3,790839;-1,389157;-0,2736663;-3,72426;3,790839;-1,389157;-0,2736663;-3,69463;0;0;0;0;0,04078713;0,02321315 | Fitness: 2,642282
Index: 15 : -1,790416;-1,574158;-4,289362;2,853101;0,769253;-1,574158;-4,289362;2,853101;0,769253;-1,553902;-4,289362;2,853101;0,769253;-1,553902;-4,289362;2,853101;0,769253;-1,553902;-4,289362;2,786596;0;0;0;0;0;0,024193 | Fitness: 2,640894
Index: 16 : -1,736514;-1,535437;-4,295492;2,785296;0,8163739;-1,535437;-4,295492;2,785296;0,8163739;-1,574158;-4,295492;2,785296;0,8163739;-1,574158;-4,280092;2,785296;0,8163739;-1,574158;-4,280092;2,859614;0;0;0;0;0;0,03183713 | Fitness: 2,632303
Index: 17 : -1,715645;-1,460863;-4,224222;2,864365;0,8467122;-1,460863;-4,224222;2,864365;0,8467122;-1,445866;-4,224222;2,864365;0,8467122;-1,445866;-4,280101;2,864365;0,8467122;-1,445866;-4,280101;2,848203;0;0;0;0;0,02361384;0,02414636 | Fitness: 2,59713
Index: 18 : -2,128547;-1,376522;-0,1898312;-3,690474;3,790839;-1,376522;-0,1898312;-3,690474;3,790839;-1,452106;-0,1898312;-3,690474;3,790839;-1,452106;-0,2613049;-3,690474;3,790839;-1,452106;-0,2613049;-3,722802;0;0;0;0;0;0,05555563 | Fitness: 2,420542
Index: 19 : -1,798435;-1,627254;-4,158035;2,864681;0,7618719;-1,627254;-4,158035;2,864681;0,7618719;-1,636674;-4,158035;2,864681;0,7618719;-1,636674;-4,1726;2,864681;0,7618719;-1,636674;-4,1726;2,824349;0;0;0;0;0,03487958;0,04605032 | Fitness: 2,276908
Index: 20 : -1,791208;-1,374955;-4,167088;2,869287;0,8537092;-1,374955;-4,167088;2,869287;0,8537092;-1,342945;-4,167088;2,869287;0,8537092;-1,342945;-4,187829;2,869287;0,8537092;-1,342945;-4,187829;2,869287;0;0;0;0;0,04870459;0,04104516 | Fitness: 2,180497
Index: 21 : -1,842732;-1,485126;-4,266303;2,794641;0,7402355;-1,485126;-4,266303;2,794641;0,7402355;-1,462473;-4,266303;2,794641;0,7402355;-1,462473;-4,23354;2,794641;0,7402355;-1,462473;-4,23354;2,811675;0;0;0;0;0,04503514;0,06173704 | Fitness: 2,055004
Index: 22 : 4,596982;3,08565;-0,4836989;0,8833648;4,430251;3,08565;-0,4836989;0,8833648;4,430251;3,094435;-0,4836989;0,8833648;4,430251;3,094435;-0,4816858;0,8833648;4,430251;3,094435;-0,4816858;0,8993486;0;0;0;0;0;-0,03153357 | Fitness: 1,966343
Index: 23 : -1,684133;-1,477557;-4,280437;2,928829;0,7914189;-1,477557;-4,280437;2,928829;0,7914189;-1,537355;-4,280437;2,928829;0,7914189;-1,537355;-4,259273;2,928829;0,7914189;-1,537355;-4,259273;2,854915;0;0;0;0;-0,02381446;-0,07334547 | Fitness: 1,932398
Index: 24 : -1,82256;-1,544742;-4,17035;2,857985;0,7809772;-1,544742;-4,17035;2,857985;0,7809772;-1,544742;-4,17035;2,857985;0,7809772;-1,544742;-4,17035;2,857985;0,7809772;-1,544742;-4,17035;2,857985;0;0;0;0;0;-0,03344903 | Fitness: 1,880673
Index: 25 : 4,608114;3,149252;-0,4958608;0,9075541;4,404649;3,149252;-0,4958608;0,9075541;4,404649;3,112056;-0,4958608;0,9075541;4,404649;3,112056;-0,5058489;0,9075541;4,404649;3,112056;-0,5058489;0,8443179;0;0;0;0;0,03987889;0 | Fitness: 1,703757
Index: 26 : -0,2695443;2,593259;3,978046;-4,453922;2,59969;2,593259;3,978046;-4,453922;2,59969;1,14194;3,978046;-4,453922;2,59969;1,14194;-3,893654;-4,453922;2,59969;1,14194;-3,893654;-0,7349182;0;0;0;0;0,3966015;-4,856298 | Fitness: 1,700723
Index: 27 : -0,2707802;2,642159;3,901129;-4,430359;2,597339;2,642159;3,901129;-4,430359;2,597339;1,14194;3,901129;-4,430359;2,597339;1,14194;-3,893096;-4,430359;2,597339;1,14194;-3,893096;-0,7436467;0;0;0;0;0,41292;-4,857055 | Fitness: 1,700663
Index: 28 : 1,93704;-1,81879;-4,143077;-3,080609;0,3585858;1,346161;-0,3454547;-4,92983;2,118815;3,863994;2,017069;2,584682;1,94618;0,7216363;-2,382268;1,336564;4,753628;-1,702463;-3,534039;0,6981487;4,760134;-3,690677;2,922343;-4,687237;1,291541;4,25841 | Fitness: 1,699859
Index: 29 : 4,442935;0,1905203;2,920485;2,919983;0,8418178;0,1905203;2,920485;2,919983;0,8418178;0,1978909;2,920485;2,919983;0,8418178;0,1978909;2,876582;2,919983;0,8418178;0,1978909;2,876582;2,983881;0;0;0;0;0,02760287;0,1189885 | Fitness: 1,656849
Index: 30 : 4,521262;3,054432;-0,5184636;0,9000458;4,420687;3,054432;-0,5184636;0,9000458;4,420687;3,043372;-0,5184636;0,9000458;4,420687;3,043372;-0,5365778;0,9000458;4,420687;3,043372;-0,5365778;0,9166318;0;0;0;0;0,02702704;-0,008635949 | Fitness: 1,656387
Index: 31 : 4,399239;3,252279;-0,4845555;0,9323914;4,221323;3,252279;-0,4845555;0,9323914;4,221323;3,285558;-0,4845555;0,9323914;4,221323;3,285558;-0,5070831;0,9323914;4,221323;3,285558;-0,5070831;0,9383903;0;0;0;0;0,0297458;0,02409228 | Fitness: 1,655904
Index: 32 : 4,409315;0,1828008;2,918952;2,955748;0,8179284;0,1828008;2,918952;2,955748;0,8179284;0,2043234;2,918952;2,955748;0,8179284;0,2043234;2,920485;2,955748;0,8179284;0,2043234;2,920485;2,979079;0;0;0;0;0,03513724;0,1092678 | Fitness: 1,655779
Index: 33 : -1,785509;-1,512857;-4,20961;2,799343;0,7263995;-1,512857;-4,20961;2,799343;0,7263995;-1,512857;-4,20961;2,799343;0,7263995;-1,512857;-4,20961;2,799343;0,7263995;-1,512857;-4,20961;2,799343;0;0;0;0;0;-0,04079339 | Fitness: 1,621333
Index: 34 : 4,468208;3,009923;-0,5177706;0,845912;4,381685;3,009923;-0,5177706;0,845912;4,381685;2,984946;-0,5177706;0,845912;4,381685;2,984946;-0,5066466;0,845912;4,381685;2,984946;-0,5066466;0,8526374;0;0;0;0;-0,04102327;-0,02020806 | Fitness: 1,610208
Index: 35 : 4,583375;3,056127;-0,4836989;0,8731703;4,437676;3,056127;-0,4836989;0,8731703;4,437676;3,150198;-0,4836989;0,8731703;4,437676;3,150198;-0,448013;0,8731703;4,437676;3,150198;-0,448013;0,8475605;0;0;0;0;-0,04536853;-0,04425905