Generation: 1621 | maxFitness: 3,243097 | maxFitnessGen: 2,652661 | maxFitnessGenBuf: 2,689685

Index: 0 : -0,5962637;-0,7582344;3,667114;-4,22617;-5,007243;-0,7582344;3,667114;-4,22617;-5,007243;-0,7725044;3,667114;-4,22617;-5,007243;-0,7725044;3,667114;-4,22617;-5,007243;-0,7725044;3,667114;-4,199717;0;0;0;0;-0,02633326;0 | Fitness: 2,689685
Index: 1 : 2,20784;-2,112468;3,480414;-4,85909;-2,703628;-2,112468;3,480414;-4,85909;-2,703628;-2,104551;3,480414;-4,85909;-2,703628;-2,104551;3,5302;-4,85909;-2,703628;-2,104551;3,5302;-4,782043;0;0;0;0;0;-0,01308665 | Fitness: 2,681933
Index: 2 : 2,262383;-2,111938;3,670299;-4,901778;-2,538942;-2,111938;3,670299;-4,901778;-2,538942;-2,094912;3,670299;-4,901778;-2,538942;-2,094912;3,670299;-4,901778;-2,538942;-2,094912;3,670299;-4,901778;0;0;0;0;0;-0,0126606 | Fitness: 2,679983
Index: 3 : 2,305694;-2,095999;3,464508;-4,886778;-2,7237;-2,095999;3,464508;-4,886778;-2,7237;-2,142532;3,464508;-4,886778;-2,7237;-2,142532;3,415416;-4,886778;-2,7237;-2,142532;3,415416;-4,868935;0;0;0;0;0;-0,0104591 | Fitness: 2,670142
Index: 4 : -0,6990314;-0,7408882;3,648471;-4,274198;-5,011503;-0,7408882;3,648471;-4,274198;-5,011503;-0,7408882;3,648471;-4,274198;-5,011503;-0,7408882;3,648471;-4,274198;-5,011503;-0,7408882;3,648471;-4,282725;0;0;0;0;0;-0,007564921 | Fitness: 2,657847
Index: 5 : 2,270768;-2,09418;3,565367;-4,902493;-2,742038;-2,09418;3,565367;-4,902493;-2,742038;-2,09418;3,565367;-4,902493;-2,742038;-2,09418;3,565367;-4,902493;-2,742038;-2,09418;3,565367;-4,902493;0;0;0;0;0;-0,006306548 | Fitness: 2,652661
Index: 6 : 2,889234;-1,697711;3,244276;-4,350349;0,1508271;-1,697711;3,244276;-4,350349;0,1508271;-1,697711;3,244276;-4,350349;0,1508271;-1,697711;3,251806;-4,350349;0,1508271;-1,697711;3,251806;-4,325779;0;0;0;0;0;-0,004342154 | Fitness: 2,644912
Index: 7 : 2,325565;-2,110022;3,460668;-4,857195;-2,76016;-2,110022;3,460668;-4,857195;-2,76016;-2,079717;3,460668;-4,857195;-2,76016;-2,079717;3,41577;-4,857195;-2,76016;-2,079717;3,41577;-4,896355;0;0;0;0;0;-0,004138224 | Fitness: 2,644126
Index: 8 : -0,5482247;-0,7725044;3,628356;-4,238707;-5,007243;-0,7725044;3,628356;-4,238707;-5,007243;-0,7725044;3,628356;-4,238707;-5,007243;-0,7725044;3,667114;-4,238707;-5,007243;-0,7725044;3,667114;-4,232689;0;0;0;0;-0,001364727;0 | Fitness: 2,632323
Index: 9 : 2,238022;-2,104551;3,508473;-4,808397;-2,720604;-2,104551;3,508473;-4,808397;-2,720604;-2,104551;3,508473;-4,808397;-2,720604;-2,104551;3,480414;-4,808397;-2,720604;-2,104551;3,480414;-4,823172;0;0;0;0;0;0 | Fitness: 2,628974
Index: 10 : 2,238201;-2,094912;3,670299;-4,936416;-2,573808;-2,094912;3,670299;-4,936416;-2,573808;-2,094912;3,670299;-4,936416;-2,573808;-2,094912;3,670299;-4,936416;-2,573808;-2,094912;3,670299;-4,901778;0;0;0;0;0;0 | Fitness: 2,628974
Index: 11 : 2,242448;-2,122462;3,503476;-4,893881;-2,747219;-2,122462;3,503476;-4,893881;-2,747219;-2,122462;3,503476;-4,893881;-2,747219;-2,122462;3,503476;-4,893881;-2,747219;-2,122462;3,503476;-4,893881;0;0;0;0;0;0 | Fitness: 2,628974
Index: 12 : 2,889669;-1,775078;3,245945;-4,318778;0,1749592;-1,775078;3,245945;-4,318778;0,1749592;-1,775802;3,245945;-4,318778;0,1749592;-1,775802;3,214955;-4,318778;0,1749592;-1,775802;3,214955;-4,317886;0;0;0;0;0;0 | Fitness: 2,628974
Index: 13 : -0,6888908;-0,7182974;3,636268;-4,297676;-4,956151;-0,7182974;3,636268;-4,297676;-4,956151;-0,7401837;3,636268;-4,297676;-4,956151;-0,7401837;3,645628;-4,297676;-4,956151;-0,7401837;3,645628;-4,297676;0;0;0;0;0;0 | Fitness: 2,628974
Index: 14 : 2,933901;-1,744414;3,245945;-4,27295;0,1287979;-1,744414;3,245945;-4,27295;0,1287979;-1,775078;3,245945;-4,27295;0,1287979;-1,775078;3,245945;-4,27295;0,1287979;-1,775078;3,245945;-4,27295;0;0;0;0;0;0 | Fitness: 2,628974
Index: 15 : -0,5962637;-0,7725044;3,667114;-4,238707;-5,007688;-0,7725044;3,667114;-4,238707;-5,007688;-0,7725044;3,667114;-4,238707;-5,007688;-0,7725044;3,6393;-4,238707;-5,007688;-0,7725044;3,6393;-4,278549;0;0;0;0;0;0 | Fitness: 2,628974
Index: 16 : 2,270768;-2,09418;3,565367;-4,902493;-2,742038;-2,09418;3,565367;-4,902493;-2,742038;-2,09418;3,565367;-4,902493;-2,742038;-2,09418;3,565367;-4,902493;-2,742038;-2,09418;3,565367;-4,902493;0;0;0;0;0;0 | Fitness: 2,628974
Index: 17 : 2,300103;-2,102575;3,444678;-4,912984;-2,740611;-2,102575;3,444678;-4,912984;-2,740611;-2,138604;3,444678;-4,912984;-2,740611;-2,138604;3,444678;-4,912984;-2,740611;-2,138604;3,444678;-4,862435;0;0;0;0;0;0,001469661 | Fitness: 2,623928
Index: 18 : -0,7004569;-0,7408882;3,648471;-4,282725;-4,996765;-0,7408882;3,648471;-4,282725;-4,996765;-0,7408882;3,648471;-4,282725;-4,996765;-0,7408882;3,675238;-4,282725;-4,996765;-0,7408882;3,675238;-4,282725;0;0;0;0;0;0,01863947 | Fitness: 2,578756
Index: 19 : -0,6384851;-0,7725044;3,667114;-4,238707;-5,007243;-0,7725044;3,667114;-4,238707;-5,007243;-0,7725044;3,667114;-4,238707;-5,007243;-0,7725044;3,667114;-4,238707;-5,007243;-0,7725044;3,667114;-4,264542;0;0;0;0;0,04948923;0 | Fitness: 2,565333
Index: 20 : 2,476945;-2,193965;3,561708;-4,852007;-2,76016;-2,193965;3,561708;-4,852007;-2,76016;-2,154608;3,561708;-4,852007;-2,76016;-2,154608;3,554867;-4,852007;-2,76016;-2,154608;3,554867;-4,84402;0;0;0;0;0;0,03387199 | Fitness: 2,557393
Index: 21 : 2,878888;-1,816945;3,308431;-4,48554;0,261444;-1,816945;3,308431;-4,48554;0,261444;-1,771592;3,308431;-4,48554;0,261444;-1,771592;3,312079;-4,48554;0,261444;-1,771592;3,312079;-4,485088;0;0;0;0;0;0,03727179 | Fitness: 2,554782
Index: 22 : 2,889234;-1,697711;3,282322;-4,350349;0,1705602;-1,697711;3,282322;-4,350349;0,1705602;-1,697711;3,282322;-4,350349;0,1705602;-1,697711;3,282322;-4,350349;0,1705602;-1,697711;3,282322;-4,387874;0;0;0;0;0;0,03781942 | Fitness: 2,554438
Index: 23 : 2,932148;-1,664777;3,282322;-4,350349;0,1346815;-1,664777;3,282322;-4,350349;0,1346815;-1,697711;3,282322;-4,350349;0,1346815;-1,697711;3,282322;-4,350349;0,1346815;-1,697711;3,282322;-4,350349;0;0;0;0;0;0,03781942 | Fitness: 2,554438
Index: 24 : 2,421136;-2,162922;3,497972;-4,844019;-2,777759;-2,162922;3,497972;-4,844019;-2,777759;-2,158024;3,497972;-4,844019;-2,777759;-2,158024;3,497972;-4,844019;-2,777759;-2,158024;3,497972;-4,834293;0;0;0;0;0;0,04338412 | Fitness: 2,552163
Index: 25 : 2,255543;-2,068763;3,468969;-4,849474;-2,720604;-2,068763;3,468969;-4,849474;-2,720604;-2,071253;3,468969;-4,849474;-2,720604;-2,071253;3,437255;-4,849474;-2,720604;-2,071253;3,437255;-4,815446;0;0;0;0;0;-0,03027991 | Fitness: 1,718713
Index: 26 : 2,848212;-1,794675;3,304394;-4,413868;0,2557559;-1,794675;3,304394;-4,413868;0,2557559;-1,833568;3,304394;-4,413868;0,2557559;-1,833568;3,259396;-4,413868;0,2557559;-1,833568;3,259396;-4,415842;0;0;0;0;0,03866942;0 | Fitness: 1,651411
Index: 27 : -1,004495;2,329039;-3,578644;-1,167703;2,646556;2,329039;-3,578644;-1,167703;2,646556;2,31399;-3,578644;-1,167703;2,646556;2,31399;-3,578644;-1,167703;2,646556;2,31399;-3,578644;-1,125596;0;0;0;0;-0,03499259;0 | Fitness: 1,584465
Index: 28 : -2,126079;4,482493;2,55447;2,693394;-4,039517;-3,349259;-4,816766;-2,679091;-2,232094;-1,257978;3,454399;1,523113;1,625277;3,945627;-4,211657;-1,531431;4,974197;-3,75259;-3,855663;0,6045132;3,980193;-1,677634;4,808271;-4,355563;-0,83147;-1,402146 | Fitness: 1,548606
Index: 29 : 2,383795;-2,141838;3,558418;-4,868617;-2,76016;-2,141838;3,558418;-4,868617;-2,76016;-2,192494;3,558418;-4,868617;-2,76016;-2,192494;3,558418;-4,868617;-2,76016;-2,192494;3,558418;-4,843456;0;0;0;0;-0,04164542;0 | Fitness: 1,532749
Index: 30 : 2,899261;-1,771592;3,308431;-4,455507;0,2724159;-1,771592;3,308431;-4,455507;0,2724159;-1,771592;3,308431;-4,455507;0,2724159;-1,771592;3,339459;-4,455507;0,2724159;-1,771592;3,339459;-4,440085;0;0;0;0;0,01566369;0,04881788 | Fitness: 1,521728
Index: 31 : 2,287621;-2,09418;3,565367;-4,902493;-2,784539;-2,09418;3,565367;-4,902493;-2,784539;-2,09418;3,565367;-4,902493;-2,784539;-2,09418;3,565367;-4,902493;-2,784539;-2,09418;3,565367;-4,902493;0;0;0;0;-0,04747668;0 | Fitness: 1,504767
Index: 32 : 2,201752;-2,130404;3,670907;-4,939051;-2,623533;-2,130404;3,670907;-4,939051;-2,623533;-2,141695;3,670907;-4,939051;-2,623533;-2,141695;3,650973;-4,939051;-2,623533;-2,141695;3,650973;-4,939051;0;0;0;0;0;-0,03644614 | Fitness: 1,497169
Index: 33 : 2,490018;-2,106628;3,540763;-4,852007;-2,76016;-2,106628;3,540763;-4,852007;-2,76016;-2,154608;3,540763;-4,852007;-2,76016;-2,154608;3,580648;-4,852007;-2,76016;-2,154608;3,580648;-4,852007;0;0;0;0;0,04714466;0,01997208 | Fitness: 1,301708
Index: 34 : 2,255543;-2,122462;3,550744;-4,908915;-2,720604;-2,122462;3,550744;-4,908915;-2,720604;-2,139831;3,550744;-4,908915;-2,720604;-2,139831;3,595515;-4,908915;-2,720604;-2,139831;3,595515;-4,891004;0;0;0;0;0,02923374;0,02306296 | Fitness: 1,294397
Index: 35 : 2,421136;-2,149835;3,463209;-4,815542;-2,807916;-2,149835;3,463209;-4,815542;-2,807916;-2,161041;3,463209;-4,815542;-2,807916;-2,161041;3,45207;-4,815542;-2,807916;-2,161041;3,45207;-4,815171;0;0;0;0;0,04704178;0 | Fitness: 1,281573
Index: 36 : 2,232393;-2,133842;3,669593;-4,939051;-2,623533;-2,133842;3,669593;-4,939051;-2,623533;-2,141695;3,669593;-4,939051;-2,623533;-2,141695;3,707759;-4,939051;-2,623533;-2,141695;3,707759;-4,939051;0;0;0;0;0;-0,04767652