Generation: 2661 | maxFitness: 3,170515 | maxFitnessGen: 3,135364 | maxFitnessGenBuf: 2,820334

Index: 0 : -2,036877;-4,23349;2,473297;-0,0596891;0,5926011;-4,23349;2,473297;-0,0596891;0,5926011;-4,203571;2,473297;-0,0596891;0,5926011;-4,203571;2,479264;-0,0596891;0,5926011;-4,203571;2,479264;-0,06479906;0;0;0;0;-0,01407834;-0,03026525 | Fitness: 2,820334
Index: 1 : -4,769293;-2,121027;-1,776407;0,8479499;1,324632;-2,121027;-1,776407;0,8479499;1,324632;-2,155879;-1,776407;0,8479499;1,324632;-2,155879;-1,724524;0,8479499;1,324632;-2,155879;-1,724524;0,7632055;0;0;0;0;-0,0395012;-0,02920664 | Fitness: 2,818468
Index: 2 : -4,591826;-2,322553;-1,971207;0,8948354;1,301467;-2,322553;-1,971207;0,8948354;1,301467;-2,344256;-1,971207;0,8948354;1,301467;-2,344256;-1,972531;0,8948354;1,301467;-2,344256;-1,972531;0,8522814;0;0;0;0;-0,002574392;-0,02796068 | Fitness: 2,816417
Index: 3 : -4,774793;-2,179703;-1,753421;0,884602;1,317204;-2,179703;-1,753421;0,884602;1,317204;-2,204923;-1,753421;0,884602;1,317204;-2,204923;-1,797281;0,884602;1,317204;-2,204923;-1,797281;0,8513543;0;0;0;0;-0,02367562;-0,02407633 | Fitness: 2,811203
Index: 4 : -1,327727;-1,316445;0,2348794;0,327921;-1,394527;-1,316445;0,2348794;0,327921;-1,394527;-1,313272;0,2348794;0,327921;-1,394527;-1,313272;0,1624327;0,327921;-1,394527;-1,313272;0,1624327;0,3372163;0;0;0;0;-0,04278567;-0,01951921 | Fitness: 2,807076
Index: 5 : -1,340309;-1,288568;0,1984483;0,2920623;-1,371929;-1,288568;0,1984483;0,2920623;-1,371929;-1,290785;0,1984483;0,2920623;-1,371929;-1,290785;0,2300475;0,2920623;-1,371929;-1,290785;0,2300475;0,3045337;0;0;0;0;0,01973411;-0,01642866 | Fitness: 2,805482
Index: 6 : -4,750372;-2,126872;-1,711732;0,8502669;1,400842;-2,126872;-1,711732;0,8502669;1,400842;-2,155879;-1,711732;0,8502669;1,400842;-2,155879;-1,691476;0,8502669;1,400842;-2,155879;-1,691476;0,791201;0;0;0;0;-0,00171135;-0,01265544 | Fitness: 2,804826
Index: 7 : -1,297904;-1,348258;0,3071554;0,3283073;-1,358438;-1,348258;0,3071554;0,3283073;-1,358438;-1,348258;0,3071554;0,3283073;-1,358438;-1,348258;0,3071554;0,3283073;-1,358438;-1,348258;0,3071554;0,3283073;0;0;0;0;0;-0,009194799 | Fitness: 2,794379
Index: 8 : -4,750372;-2,188012;-1,7349;0,7766689;1,368503;-2,188012;-1,7349;0,7766689;1,368503;-2,106663;-1,7349;0,7766689;1,368503;-2,106663;-1,7349;0,7766689;1,368503;-2,106663;-1,7349;0,7887602;0;0;0;0;-0,01511979;-0,007213347 | Fitness: 2,786978
Index: 9 : -4,775749;-2,160393;-1,877293;0,7704836;1,318711;-2,160393;-1,877293;0,7704836;1,318711;-2,115031;-1,877293;0,7704836;1,318711;-2,115031;-1,89119;0,7704836;1,318711;-2,115031;-1,89119;0,7928032;0;0;0;0;0;-0,004116837 | Fitness: 2,775956
Index: 10 : -4,547031;-2,292459;-1,891307;0,7743444;1,354327;-2,292459;-1,891307;0,7743444;1,354327;-2,342121;-1,891307;0,7743444;1,354327;-2,342121;-1,880903;0,7743444;1,354327;-2,342121;-1,880903;0,7829739;0;0;0;0;-0,00870461;-0,00402426 | Fitness: 2,775643
Index: 11 : -2,02437;-4,253759;2,528751;-0,1356049;0,744642;-4,253759;2,528751;-0,1356049;0,744642;-4,253759;2,528751;-0,1356049;0,744642;-4,253759;2,53867;-0,1356049;0,744642;-4,253759;2,53867;-0,1432472;0;0;0;0;0,004228991;0 | Fitness: 2,76263
Index: 12 : -4,616074;-2,420043;-1,958281;0,7904613;1,314708;-2,420043;-1,958281;0,7904613;1,314708;-2,387355;-1,958281;0,7904613;1,314708;-2,387355;-1,998995;0,7904613;1,314708;-2,387355;-1,998995;0,82366;0;0;0;0;0,04298141;0 | Fitness: 2,76263
Index: 13 : -4,569975;-2,255233;-1,980445;0,7595795;1,253405;-2,255233;-1,980445;0,7595795;1,253405;-2,255233;-1,980445;0,7595795;1,253405;-2,255233;-1,980445;0,7595795;1,253405;-2,255233;-1,980445;0,7843529;0;0;0;0;-0,04576376;0 | Fitness: 2,76263
Index: 14 : -4,518735;-2,294432;-1,891307;0,8069627;1,301558;-2,294432;-1,891307;0,8069627;1,301558;-2,326724;-1,891307;0,8069627;1,301558;-2,326724;-1,882542;0,8069627;1,301558;-2,326724;-1,882542;0,7813983;0;0;0;0;0;0,007564932 | Fitness: 2,741774
Index: 15 : -2,083719;-4,368026;2,461015;-0,07856893;0,7562599;-4,368026;2,461015;-0,07856893;0,7562599;-4,345357;2,461015;-0,07856893;0,7562599;-4,345357;2,514813;-0,07856893;0,7562599;-4,345357;2,514813;-0,02896962;0;0;0;0;0,04116441;0,007587738 | Fitness: 2,741718
Index: 16 : -4,544414;-2,33128;-2,041675;0,7795972;1,261687;-2,33128;-2,041675;0,7795972;1,261687;-2,411468;-2,041675;0,7795972;1,261687;-2,411468;-2,011497;0,7795972;1,261687;-2,411468;-2,011497;0,797906;0;0;0;0;0;0,008689318 | Fitness: 2,73906
Index: 17 : -2,093765;-4,280757;2,49743;-0,1474392;0,8028256;-4,280757;2,49743;-0,1474392;0,8028256;-4,246609;2,49743;-0,1474392;0,8028256;-4,246609;2,504956;-0,1474392;0,8028256;-4,246609;2,504956;-0,123536;0;0;0;0;-0,01342514;0,01210992 | Fitness: 2,731415
Index: 18 : -4,708615;-2,218029;-1,803167;0,8513543;1,307678;-2,218029;-1,803167;0,8513543;1,307678;-2,165435;-1,803167;0,8513543;1,307678;-2,165435;-1,728372;0,8513543;1,307678;-2,165435;-1,728372;0,8513543;0;0;0;0;0;0,01730857 | Fitness: 2,721673
Index: 19 : -1,313241;-1,357111;0,1639833;0,3314071;-1,352254;-1,357111;0,1639833;0,3314071;-1,352254;-1,355179;0,1639833;0,3314071;-1,352254;-1,355179;0,1413736;0,3314071;-1,352254;-1,355179;0,1413736;0,3604202;0;0;0;0;0,01786753;0,01969453 | Fitness: 2,717927
Index: 20 : -4,552617;-2,24923;-1,968492;0,7637019;1,300769;-2,24923;-1,968492;0,7637019;1,300769;-2,222601;-1,968492;0,7637019;1,300769;-2,222601;-1,953891;0,7637019;1,300769;-2,222601;-1,953891;0,7834615;0;0;0;0;0,03644547;0,02120441 | Fitness: 2,715781
Index: 21 : -4,722548;-2,122778;-1,823288;0,8129774;1,267583;-2,122778;-1,823288;0,8129774;1,267583;-2,169977;-1,823288;0,8129774;1,267583;-2,169977;-1,777131;0,8129774;1,267583;-2,169977;-1,777131;0,8080646;0;0;0;0;-0,04782758;0,02965612 | Fitness: 2,706227
Index: 22 : -2,056541;-4,235403;2,457862;-0,1332757;0,8056099;-4,235403;2,457862;-0,1332757;0,8056099;-4,289669;2,457862;-0,1332757;0,8056099;-4,289669;2,480726;-0,1332757;0,8056099;-4,289669;2,480726;-0,1379844;0;0;0;0;0;0,03054402 | Fitness: 2,705493
Index: 23 : -1,297119;-1,372287;0,3007231;0,268545;-1,44329;-1,372287;0,3007231;0,268545;-1,44329;-1,366639;0,3007231;0,268545;-1,44329;-1,366639;0,2852309;0,268545;-1,44329;-1,366639;0,2852309;0,2880884;0;0;0;0;0,001328021;0,03699384 | Fitness: 2,701682
Index: 24 : -4,544414;-2,327297;-2,024511;0,8244898;1,261687;-2,327297;-2,024511;0,8244898;1,261687;-2,364854;-2,024511;0,8244898;1,261687;-2,364854;-2,033317;0,8244898;1,261687;-2,364854;-2,033317;0,8060025;0;0;0;0;0,02498661;0,04748387 | Fitness: 2,588461
Index: 25 : -2,106277;-4,19509;2,478586;-0,07765891;0,6702668;-4,19509;2,478586;-0,07765891;0,6702668;-4,252048;2,478586;-0,07765891;0,6702668;-4,252048;2,493854;-0,07765891;0,6702668;-4,252048;2,493854;-0,1391612;0;0;0;0;0;-0,03178168 | Fitness: 2,25789
Index: 26 : -4,636741;-2,229928;-1,890658;0,8291878;1,32623;-2,229928;-1,890658;0,8291878;1,32623;-2,193686;-1,890658;0,8291878;1,32623;-2,193686;-1,854622;0,8291878;1,32623;-2,193686;-1,854622;0,8036634;0;0;0;0;0,01529733;0,07172829 | Fitness: 2,16575
Index: 27 : -2,120542;-4,385875;2,446455;-0,007992942;0,732869;-4,385875;2,446455;-0,007992942;0,732869;-4,343365;2,446455;-0,007992942;0,732869;-4,343365;2,498371;-0,007992942;0,732869;-4,343365;2,498371;-0,08784444;0;0;0;0;0;-0,03565351 | Fitness: 2,068841
Index: 28 : -4,548282;-2,271964;-1,894211;0,7553985;1,288469;-2,271964;-1,894211;0,7553985;1,288469;-2,271964;-1,894211;0,7553985;1,288469;-2,271964;-1,894211;0,7553985;1,288469;-2,271964;-1,894211;0,7553985;0;0;0;0;0;-0,0360998 | Fitness: 2,04949
Index: 29 : -1,321405;-1,295818;0,3129377;0,3119004;-1,357119;-1,295818;0,3129377;0,3119004;-1,357119;-1,272375;0,3129377;0,3119004;-1,357119;-1,272375;0,3129377;0,3119004;-1,357119;-1,272375;0,3129377;0,2861753;0;0;0;0;0;0,09064704 | Fitness: 1,998616
Index: 30 : -2,81508;-1,556244;3,899574;4,232221;4,707169;-1,556244;3,899574;4,232221;4,707169;-1,600193;3,899574;4,232221;4,707169;-1,600193;3,899782;4,232221;4,707169;-1,600193;3,899782;4,2451;0;0;0;0;0,009619921;0,02836493 | Fitness: 1,658813
Index: 31 : -2,795447;-1,555135;3,843798;4,175352;4,738089;-1,555135;3,843798;4,175352;4,738089;-1,557432;3,843798;4,175352;4,738089;-1,557432;3,820743;4,175352;4,738089;-1,557432;3,820743;4,207265;0;0;0;0;-0,03348464;-0,02276508 | Fitness: 1,61598
Index: 32 : -2,75603;-1,580302;3,820743;4,175352;4,727857;-1,580302;3,820743;4,175352;4,727857;-1,573158;3,820743;4,175352;4,727857;-1,573158;3,809191;4,175352;4,727857;-1,573158;3,809191;4,175352;0;0;0;0;-0,03663197;-0,03239206 | Fitness: 1,61459
Index: 33 : -2,803041;-1,568545;3,883294;4,21515;4,784222;-1,568545;3,883294;4,21515;4,784222;-1,600193;3,883294;4,21515;4,784222;-1,600193;3,882934;4,21515;4,784222;-1,600193;3,882934;4,200079;0;0;0;0;-0,04591073;0,01347503 | Fitness: 1,612594
Index: 34 : -0,936882;-1,065019;-1,906526;-1,51495;1,134693;-2,941926;-3,531668;0,1100116;3,906393;-1,812706;1,458778;-4,652409;0,2041836;-3,691796;1,160726;1,123859;3,98202;-2,379067;-1,681475;-4,138159;2,761803;4,736467;-2,441453;-2,437727;-2,655133;-1,768519 | Fitness: 1,609094
Index: 35 : -2,152248;-4,874955;-4,457022;2,096221;-4,181568;-4,874955;-4,457022;2,096221;-4,181568;-4,546798;-4,457022;2,096221;-4,181568;-4,546798;-0,749094;2,096221;-4,181568;-4,546798;-0,749094;-2,985814;0;0;0;0;1,825972;1,77364 | Fitness: 1,484575
Index: 36 : 4,320715;-2,687949;-1,152889;-4,588034;-2,161188;-2,687949;-1,152889;-4,588034;-2,161188;-2,657516;-1,152889;-4,588034;-2,161188;-2,657516;-1,196369;-4,588034;-2,161188;-2,657516;-1,196369;-4,568576;0;0;0;0;0;-0,05612321 | Fitness: 1,476213
Index: 37 : 4,352587;-2,638877;-1,184017;-4,556946;-2,127773;-2,638877;-1,184017;-4,556946;-2,127773;-2,663837;-1,184017;-4,556946;-2,127773;-2,663837;-1,152889;-4,556946;-2,127773;-2,663837;-1,152889;-4,556946;0;0;0;0;0,003796261;-0,0235652 | Fitness: 1,338273
Index: 38 : 1,795448;0,3976436;-1,956375;0,6542921;-4,883318;0,3976436;-1,956375;0,6542921;-4,883318;0,3731167;-1,956375;0,6542921;-4,883318;0,3731167;-1,995439;0,6542921;-4,883318;0,3731167;-1,995439;0,6260426;0;0;0;0;-0,003180116;-0,05384152 | Fitness: 1,236145
Index: 39 : 4,375546;-2,616422;-1,175913;-4,517106;-2,126828;-2,616422;-1,175913;-4,517106;-2,126828;-2,660501;-1,175913;-4,517106;-2,126828;-2,660501;-