Generation: 2737 | maxFitness: 3,45061 | maxFitnessGen: 2,821023 | maxFitnessGenBuf: 2,700959

Index: 0 : -1,996623;-1,418037;-0,1851225;-3,712879;3,830101;-1,418037;-0,1851225;-3,712879;3,830101;-1,382138;-0,1851225;-3,712879;3,830101;-1,382138;-0,1670998;-3,712879;3,830101;-1,382138;-0,1670998;-3,741553;0;0;0;0;-0,02013117;-0,01006275 | Fitness: 2,700959
Index: 1 : -1,974547;-1,359419;-0,1282473;-3,72944;3,845273;-1,359419;-0,1282473;-3,72944;3,845273;-1,381028;-0,1282473;-3,72944;3,845273;-1,381028;-0,1424537;-3,72944;3,845273;-1,381028;-0,1424537;-3,696402;0;0;0;0;-0,04243718;-0,009621136 | Fitness: 2,699098
Index: 2 : 1,380205;3,719829;4,438266;4,541207;-1,2881;3,719829;4,438266;4,541207;-1,2881;3,763497;4,438266;4,541207;-1,2881;3,763497;4,511076;4,541207;-1,2881;3,763497;4,511076;4,585276;0;0;0;0;0;-0,009059337 | Fitness: 2,696756
Index: 3 : 4,450859;3,04294;-0,4364172;0,7984821;4,183052;3,04294;-0,4364172;0,7984821;4,183052;3,07794;-0,4364172;0,7984821;4,183052;3,07794;-0,4723597;0,7984821;4,183052;3,07794;-0,4723597;0,8731147;0;0;0;0;0;-0,004534334 | Fitness: 2,67881
Index: 4 : -1,689288;-1,449655;-4,076711;2,776179;0,7057938;-1,449655;-4,076711;2,776179;0,7057938;-1,48268;-4,076711;2,776179;0,7057938;-1,48268;-4,107081;2,776179;0,7057938;-1,48268;-4,107081;2,816811;0;0;0;0;0;0 | Fitness: 2,662617
Index: 5 : 4,422562;3,12402;-0,510453;0,8780121;4,317036;3,12402;-0,510453;0,8780121;4,317036;3,06945;-0,510453;0,8780121;4,317036;3,06945;-0,4774098;0,8780121;4,317036;3,06945;-0,4774098;0,882836;0;0;0;0;0;0 | Fitness: 2,662617
Index: 6 : -1,830867;-1,502365;-4,227107;2,819466;0,8048379;-1,502365;-4,227107;2,819466;0,8048379;-1,502365;-4,227107;2,819466;0,8048379;-1,502365;-4,227107;2,819466;0,8048379;-1,502365;-4,227107;2,819466;0;0;0;0;0;0 | Fitness: 2,662617
Index: 7 : -1,70516;-1,452186;-4,08641;2,825916;0,7505032;-1,452186;-4,08641;2,825916;0,7505032;-1,487991;-4,08641;2,825916;0,7505032;-1,487991;-4,120197;2,825916;0,7505032;-1,487991;-4,120197;2,79583;0;0;0;0;-0,03588133;0,04743339 | Fitness: 2,651492
Index: 8 : -2,016354;-1,149137;-0,3148572;-3,500739;3,963883;-1,149137;-0,3148572;-3,500739;3,963883;-1,192792;-0,3148572;-3,500739;3,963883;-1,192792;-0,2728416;-3,500739;3,963883;-1,192792;-0,2728416;-3,52881;0;0;0;0;-0,03921634;0,005242057 | Fitness: 2,646123
Index: 9 : -1,802294;-1,545539;-4,157376;2,836159;0,7696198;-1,545539;-4,157376;2,836159;0,7696198;-1,544742;-4,157376;2,836159;0,7696198;-1,544742;-4,125551;2,836159;0,7696198;-1,544742;-4,125551;2,813462;0;0;0;0;-0,005428903;0,01539645 | Fitness: 2,639442
Index: 10 : -2,030086;-1,34066;-0,2190708;-3,725289;3,860231;-1,34066;-0,2190708;-3,725289;3,860231;-1,368962;-0,2190708;-3,725289;3,860231;-1,368962;-0,2567832;-3,725289;3,860231;-1,368962;-0,2567832;-3,674416;0;0;0;0;-0,006844122;0,01259314 | Fitness: 2,626718
Index: 11 : -1,743724;-1,479712;-4,074615;2,79491;0,7507055;-1,479712;-4,074615;2,79491;0,7507055;-1,444256;-4,074615;2,79491;0,7507055;-1,444256;-4,069571;2,79491;0,7507055;-1,444256;-4,069571;2,834109;0;0;0;0;-0,01285237;0,04743339 | Fitness: 2,60746
Index: 12 : -4,367966;-3,937594;-1,270728;1,269421;-1,510871;-3,937594;-1,270728;1,269421;-1,510871;-3,981989;-1,270728;1,269421;-1,510871;-3,981989;-1,242589;1,269421;-1,510871;-3,981989;-1,242589;1,227337;0;0;0;0;0,02328193;0,0394389 | Fitness: 2,590709
Index: 13 : -4,387314;-3,945384;-1,232989;1,242422;-1,500487;-3,945384;-1,232989;1,242422;-1,500487;-3,956316;-1,232989;1,242422;-1,500487;-3,956316;-1,243158;1,242422;-1,500487;-3,956316;-1,243158;1,222497;0;0;0;0;-0,01162354;0,04145943 | Fitness: 2,590016
Index: 14 : -1,830867;-1,447662;-4,261116;2,783887;0,8203908;-1,447662;-4,261116;2,783887;0,8203908;-1,513809;-4,261116;2,783887;0,8203908;-1,513809;-4,227458;2,783887;0,8203908;-1,513809;-4,227458;2,80415;0;0;0;0;0;0,04298572 | Fitness: 2,589682
Index: 15 : -1,979934;-1,276595;-0,2291343;-3,514459;3,959;-1,276595;-0,2291343;-3,514459;3,959;-1,268921;-0,2291343;-3,514459;3,959;-1,268921;-0,2883665;-3,514459;3,959;-1,268921;-0,2883665;-3,527743;0;0;0;0;0,01766878;0,04681246 | Fitness: 2,589554
Index: 16 : -1,989772;-1,327632;-0,2676688;-3,502103;4,005683;-1,327632;-0,2676688;-3,502103;4,005683;-1,296447;-0,2676688;-3,502103;4,005683;-1,296447;-0,2262136;-3,502103;4,005683;-1,296447;-0,2262136;-3,565262;0;0;0;0;0,03846124;0,04644283 | Fitness: 2,589521
Index: 17 : -1,723703;-1,48268;-4,11292;2,776376;0,7520972;-1,48268;-4,11292;2,776376;0,7520972;-1,465299;-4,11292;2,776376;0,7520972;-1,465299;-4,096117;2,776376;0,7520972;-1,465299;-4,096117;2,78801;0;0;0;0;0;0,04458154 | Fitness: 2,589503
Index: 18 : -1,796464;-1,475074;-4,221281;2,833231;0,8360507;-1,475074;-4,221281;2,833231;0,8360507;-1,474105;-4,221281;2,833231;0,8360507;-1,474105;-4,239515;2,833231;0,8360507;-1,474105;-4,239515;2,849431;0;0;0;0;0,03955324;0,008262783 | Fitness: 2,544654
Index: 19 : 4,726664;0,1490433;-3,654835;4,692782;0,4590245;0,1490433;-3,654835;4,692782;0,4590245;0,1483917;-3,654835;4,692782;0,4590245;0,1483917;-3,63002;4,692782;0,4590245;0,1483917;-3,63002;4,68384;0;0;0;0;0;0,05570624 | Fitness: 2,427253
Index: 20 : 4,857768;0,08562787;-3,690113;4,778047;0,424579;0,08562787;-3,690113;4,778047;0,424579;-0,001191791;-3,690113;4,778047;0,424579;-0,001191791;-3,642066;4,778047;0,424579;-0,001191791;-3,642066;4,767753;0;0;0;0;0;0,0600496 | Fitness: 2,343827
Index: 21 : -4,354605;-3,968251;-1,202726;1,228799;-1,456379;-3,968251;-1,202726;1,228799;-1,456379;-3,91813;-1,202726;1,228799;-1,456379;-3,91813;-1,251227;1,228799;-1,456379;-3,91813;-1,251227;1,279606;0;0;0;0;-0,000266213;0,06319852 | Fitness: 2,289715
Index: 22 : -1,707192;-1,530009;-4,050766;2,816876;0,8001028;-1,530009;-4,050766;2,816876;0,8001028;-1,490509;-4,050766;2,816876;0,8001028;-1,490509;-4,054675;2,816876;0,8001028;-1,490509;-4,054675;2,856364;0;0;0;0;-0,02181295;-0,008302886 | Fitness: 2,205431
Index: 23 : 4,428805;2,976444;-0,4900663;0,841495;4,210662;2,976444;-0,4900663;0,841495;4,210662;3,049264;-0,4900663;0,841495;4,210662;3,049264;-0,4834197;0,841495;4,210662;3,049264;-0,4834197;0,919239;0;0;0;0;0;0,06916331 | Fitness: 2,204966
Index: 24 : -1,691389;-1,481566;-4,074615;2,81411;0,7493866;-1,481566;-4,074615;2,81411;0,7493866;-1,487991;-4,074615;2,81411;0,7493866;-1,487991;-4,035114;2,81411;0,7493866;-1,487991;-4,035114;2,85035;0;0;0;0;0,04685986;0,04743339 | Fitness: 2,022526
Index: 25 : -2,015428;-1,290636;-0,2781431;-3,545038;3,983793;-1,290636;-0,2781431;-3,545038;3,983793;-1,296447;-0,2781431;-3,545038;3,983793;-1,296447;-0,266915;-3,545038;3,983793;-1,296447;-0,266915;-3,555496;0;0;0;0;0;-0,03096921 | Fitness: 1,840955
Index: 26 : -1,82256;-1,544742;-4,17035;2,857985;0,7809772;-1,544742;-4,17035;2,857985;0,7809772;-1,544742;-4,17035;2,857985;0,7809772;-1,544742;-4,17035;2,857985;0,7809772;-1,544742;-4,17035;2,857985;0;0;0;0;0;-0,03344903 | Fitness: 1,737433
Index: 27 : 2,930255;-2,243584;2,856119;-1,386113;0,1153522;4,567847;-0,1596088;-1,798082;2,604355;-1,428683;0,9662838;-4,815836;3,907867;2,845908;-4,33332;2,925742;2,718353;-3,504515;0,8900185;-4,299721;-3,779807;3,599027;2,861621;4,012835;1,390692;-3,947811 | Fitness: 1,699331
Index: 28 : 1,353872;3,755106;4,376695;4,559419;-1,294376;3,755106;4,376695;4,559419;-1,294376;3,752591;4,376695;4,559419;-1,294376;3,752591;4,383188;4,559419;-1,294376;3,752591;4,383188;4,488507;0;0;0;0;0,009659916;0,005020827 | Fitness: 1,655075
Index: 29 : 4,65928;0,08012682;-3,505983;4,752082;0,4355277;0,08012682;-3,505983;4,752082;0,4355277;0,06385835;-3,505983;4,752082;0,4355277;0,06385835;-3,505973;4,752082;0,4355277;0,06385835;-3,505973;4,766829;0;0;0;0;0,007118888;-0,09658466 | Fitness: 1,639587
Index: 30 : 4,82399;0,04871707;-3,663374;4,755396;0,3900869;0,04871707;-3,663374;4,755396;0,3900869;0,05090119;-3,663374;4,755396;0,3900869;0,05090119;-3,675286;4,755396;0,3900869;0,05090119;-3,675286;4,703071;0;0;0;0;-0,03175714;0,04672691 | Fitness: 1,618456
Index: 31 : 4,827269;0,100862;-3,582224;4,80971;0,4024156;0,100862;-3,582224;4,80971;0,4024156;0,1137869;-3,582224;4,80971;0,4024156;0,1137869;-3,587856;4,80971;0,4024156;0,1137869;-3,587856;4,822403;0;0;0;0;-0,04559287;0,0418916 | Fitness: 1,61349
Index: 32 : 1,358997;3,725168;4,503139;4,527261;-1,267825;3,725168;4,503139;4,527261;-1,267825;3,763497;4,503139;4,527261;-1,267825;3,763497;4,467465;4,527261;-1,267825;3,763497;4,467465;4,582757;0;0;0;0;-0,03132775;0,02191918 | Fitness: 1,610409
Index: 33 : 4,370878;3,062079;-0,4812418;0,8284413;4,22593;3,062079;-0,4812418;0,8284413;4,22593;3,055593;-0,4812418;0,8284413;4,22593;3,055593;-0,4874299;0,8284413;4,22593;3,055593;-0,4874299;0,8492875;0;0;0;0;0;-0,03810302 | Fitness: 1,576641
Index: 34 : 4,429279;3,104387;-0,5372319;0,8371682;4,253619;3,104387;-0,5372319;0,8371682;4,253619;3,088454;-0,5372319;0,8371682;4,253619;3,088454;-0,5243486;0,8371682;4,253619;3,088454;-0,5243486;0,8780121;0;0;0;0;0;-0,04047449 | Fitness: 1,507605
Index: 35 : -4,352633;-3,95308;-1,223924;1,303587;-1,526852;-3,95308;-1,223924;1,303587;-1,526852;-3,973019;-1,223924;1,303587;-1,526852;-3,973019;-1,174008;1,303587;-1,526852;-3,973019;-1,174008;1,260685;0;0;0;0;0,04596493;-0,04455476 | Fitness: 1,404196
Index: 36 : 1,28876