Generation: 1199 | maxFitness: 3,135523 | maxFitnessGen: 2,699757 | maxFitnessGenBuf: 2,702769

Index: 0 : 1,728435;-0,06194938;1,484935;2,174006;4,0773;-0,06194938;1,484935;2,174006;4,0773;-0,06194938;1,484935;2,174006;4,0773;-0,06194938;1,484935;2,174006;4,0773;-0,06194938;1,484935;2,171976;0;0;0;0;0;-0,01744816 | Fitness: 2,702769
Index: 1 : -2,143524;-1,316296;-0,2976603;0,2874578;0,9829091;-1,316296;-0,2976603;0,2874578;0,9829091;-1,316296;-0,2976603;0,2874578;0,9829091;-1,316296;-0,2785445;0,2874578;0,9829091;-1,316296;-0,2785445;0,2874578;0;0;0;0;0;-0,01729457 | Fitness: 2,702007
Index: 2 : 1,709228;-0,1260514;1,483923;2,189688;3,999461;-0,1260514;1,483923;2,189688;3,999461;-0,1113059;1,483923;2,189688;3,999461;-0,1113059;1,554199;2,189688;3,999461;-0,1113059;1,554199;2,189688;0;0;0;0;0;-0,01048383 | Fitness: 2,670252
Index: 3 : 1,744161;-0,0797642;1,517382;2,189688;3,95762;-0,0797642;1,517382;2,189688;3,95762;-0,0797642;1,517382;2,189688;3,95762;-0,0797642;1,496532;2,189688;3,95762;-0,0797642;1,496532;2,189688;0;0;0;0;0;-0,006023187 | Fitness: 2,651521
Index: 4 : 1,744161;-0,1218507;1,517382;2,189688;3,992415;-0,1218507;1,517382;2,189688;3,992415;-0,0797642;1,517382;2,189688;3,992415;-0,0797642;1,517382;2,189688;3,992415;-0,0797642;1,517382;2,235491;0;0;0;0;0;-0,006023187 | Fitness: 2,651521
Index: 5 : 1,745341;-0,02432888;1,479007;2,331995;3,980004;-0,02432888;1,479007;2,331995;3,980004;-0,07386464;1,479007;2,331995;3,980004;-0,07386464;1,479007;2,331995;3,980004;-0,07386464;1,479007;2,288232;0;0;0;0;0;0 | Fitness: 2,628974
Index: 6 : -2,149554;-1,381441;-0,4244354;0,2392836;0,9656003;-1,381441;-0,4244354;0,2392836;0,9656003;-1,354731;-0,4244354;0,2392836;0,9656003;-1,354731;-0,4244354;0,2392836;0,9656003;-1,354731;-0,4244354;0,2392836;0;0;0;0;0,02018483;0 | Fitness: 2,628974
Index: 7 : 1,742266;-0,01050263;1,517382;2,213019;3,999461;-0,01050263;1,517382;2,213019;3,999461;-0,00109701;1,517382;2,213019;3,999461;-0,00109701;1,547801;2,213019;3,999461;-0,00109701;1,547801;2,19984;0;0;0;0;0;0 | Fitness: 2,628974
Index: 8 : -2,075538;-1,319618;-0,2851567;0,2379331;0,9085008;-1,319618;-0,2851567;0,2379331;0,9085008;-1,319618;-0,2851567;0,2379331;0,9085008;-1,319618;-0,3340592;0,2379331;0,9085008;-1,319618;-0,3340592;0,2646552;0;0;0;0;0;0 | Fitness: 2,628974
Index: 9 : 1,711064;0,002259887;1,562185;2,196465;4,085359;0,002259887;1,562185;2,196465;4,085359;-0,0072442;1,562185;2,196465;4,085359;-0,0072442;1,559913;2,196465;4,085359;-0,0072442;1,559913;2,235228;0;0;0;0;0;0 | Fitness: 2,628974
Index: 10 : 1,745341;-0,06803825;1,459637;2,243515;3,968762;-0,06803825;1,459637;2,243515;3,968762;-0,07333821;1,459637;2,243515;3,968762;-0,07333821;1,479007;2,243515;3,968762;-0,07333821;1,479007;2,243515;0;0;0;0;0;0 | Fitness: 2,628974
Index: 11 : -2,105997;-1,320258;-0,2976603;0,2979684;0,9350758;-1,320258;-0,2976603;0,2979684;0,9350758;-1,320258;-0,2976603;0,2979684;0,9350758;-1,320258;-0,2765852;0,2979684;0,9350758;-1,320258;-0,2765852;0,2874578;0;0;0;0;0;0 | Fitness: 2,628974
Index: 12 : 1,745757;-0,0797642;1,56177;2,189688;3,999461;-0,0797642;1,56177;2,189688;3,999461;-0,0797642;1,56177;2,189688;3,999461;-0,0797642;1,56177;2,189688;3,999461;-0,0797642;1,56177;2,189688;0;0;0;0;0;0 | Fitness: 2,628974
Index: 13 : 1,745341;-0,07333821;1,479007;2,243515;3,982049;-0,07333821;1,479007;2,243515;3,982049;-0,07333821;1,479007;2,243515;3,982049;-0,07333821;1,479007;2,243515;3,982049;-0,07333821;1,479007;2,243515;0;0;0;0;0;0 | Fitness: 2,628974
Index: 14 : 3,232363;-1,270809;2,06196;4,918829;-4,817088;-1,270809;2,06196;4,918829;-4,817088;-1,303973;2,06196;4,918829;-4,817088;-1,303973;2,06196;4,918829;-4,817088;-1,303973;2,06196;4,918829;0;0;0;0;0;0,009659462 | Fitness: 2,599299
Index: 15 : 1,735791;-0,0797642;1,493741;2,196713;3,999461;-0,0797642;1,493741;2,196713;3,999461;-0,08691035;1,493741;2,196713;3,999461;-0,08691035;1,493741;2,196713;3,999461;-0,08691035;1,493741;2,163586;0;0;0;0;0;0,02640259 | Fitness: 2,565958
Index: 16 : 3,008004;-0,4290538;0,9979374;1,992445;-0,5681162;-0,4290538;0,9979374;1,992445;-0,5681162;-0,4290538;0,9979374;1,992445;-0,5681162;-0,4290538;0,9653112;1,992445;-0,5681162;-0,4290538;0,9653112;1,920747;0;0;0;0;0;0,02679569 | Fitness: 2,56542
Index: 17 : -1,802229;2,055768;-1,376829;-3,679399;3,064458;2,055768;-1,376829;-3,679399;3,064458;2,055768;-1,376829;-3,679399;3,064458;2,055768;-1,376829;-3,679399;3,064458;2,055768;-1,376829;-3,679399;0;0;0;0;0;0,03244371 | Fitness: 2,558742
Index: 18 : 1,77848;0,008560654;1,534436;2,201979;4,082643;0,008560654;1,534436;2,201979;4,082643;-0,01902484;1,534436;2,201979;4,082643;-0,01902484;1,494156;2,201979;4,082643;-0,01902484;1,494156;2,201979;0;0;0;0;0;0,03656547 | Fitness: 2,555253
Index: 19 : -2,126855;-1,354731;-0,422811;0,2392836;0,979176;-1,354731;-0,422811;0,2392836;0,979176;-1,350937;-0,422811;0,2392836;0,979176;-1,350937;-0,3936375;0,2392836;0,979176;-1,350937;-0,3936375;0,2392836;0;0;0;0;0,01201028;0,04482423 | Fitness: 2,551933
Index: 20 : 1,711064;-0,0072442;1,560104;2,19808;4,085359;-0,0072442;1,560104;2,19808;4,085359;0,002390693;1,560104;2,19808;4,085359;0,002390693;1,559913;2,19808;4,085359;0,002390693;1,559913;2,235228;0;0;0;0;0;-0,02937004 | Fitness: 1,758525
Index: 21 : 1,816012;-0,0683509;1,477176;2,223612;3,915148;-0,0683509;1,477176;2,223612;3,915148;-0,04688364;1,477176;2,223612;3,915148;-0,04688364;1,47412;2,223612;3,915148;-0,04688364;1,47412;2,176934;0;0;0;0;0;-0,02937296 | Fitness: 1,758392
Index: 22 : 3,232363;-1,270809;2,023668;4,918829;-4,819523;-1,270809;2,023668;4,918829;-4,819523;-1,271626;2,023668;4,918829;-4,819523;-1,271626;2,06196;4,918829;-4,819523;-1,271626;2,06196;4,918829;0;0;0;0;0,04069096;0,009659462 | Fitness: 1,682964
Index: 23 : 1,779017;-0,02432888;1,479007;2,288232;3,992386;-0,02432888;1,479007;2,288232;3,992386;-0,02432888;1,479007;2,288232;3,992386;-0,02432888;1,518002;2,288232;3,992386;-0,02432888;1,518002;2,267512;0;0;0;0;0,02285721;0 | Fitness: 1,672695
Index: 24 : 1,962109;0,01162652;1,513641;2,211648;3,941732;0,01162652;1,513641;2,211648;3,941732;0,01162652;1,513641;2,211648;3,941732;0,01162652;1,513641;2,211648;3,941732;0,01162652;1,513641;2,211648;0;0;0;0;0,02365695;-0,0356989 | Fitness: 1,672204
Index: 25 : 1,709506;-0,09995621;1,487298;2,272453;4,025256;-0,09995621;1,487298;2,272453;4,025256;-0,05094941;1,487298;2,272453;4,025256;-0,05094941;1,492163;2,272453;4,025256;-0,05094941;1,492163;2,25149;0;0;0;0;0,04728461;-0,009687079 | Fitness: 1,666584
Index: 26 : 3,256768;-1,270809;2,06196;4,894969;-4,828846;-1,270809;2,06196;4,894969;-4,828846;-1,270809;2,06196;4,894969;-4,828846;-1,270809;2,06196;4,894969;-4,828846;-1,270809;2,06196;4,918829;0;0;0;0;0,01783156;0,009659462 | Fitness: 1,662054
Index: 27 : 1,961583;-0,0002532341;1,507987;2,184875;3,935768;-0,0002532341;1,507987;2,184875;3,935768;-0,0002532341;1,507987;2,184875;3,935768;-0,0002532341;1,507987;2,184875;3,935768;-0,0002532341;1,507987;2,184875;0;0;0;0;0,007313184;-0,09578507 | Fitness: 1,660226
Index: 28 : 1,742266;-0,01050263;1,486153;2,240442;4,014764;-0,01050263;1,486153;2,240442;4,014764;0,01861262;1,486153;2,240442;4,014764;0,01861262;1,468495;2,240442;4,014764;0,01861262;1,468495;2,19984;0;0;0;0;0,009128325;0 | Fitness: 1,652362
Index: 29 : 1,77874;-0,03324774;1,534104;2,230593;4,009286;-0,03324774;1,534104;2,230593;4,009286;-0,05146898;1,534104;2,230593;4,009286;-0,05146898;1,534104;2,230593;4,009286;-0,05146898;1,534104;2,172261;0;0;0;0;-0,03867697;-0,01369393 | Fitness: 1,599921
Index: 30 : 1,742243;-0,03324774;1,529492;2,19984;3,999461;-0,03324774;1,529492;2,19984;3,999461;-0,03324774;1,529492;2,19984;3,999461;-0,03324774;1,467932;2,19984;3,999461;-0,03324774;1,467932;2,19984;0;0;0;0;-0,04456809;-0,01410263 | Fitness: 1,599209
Index: 31 : 1,674141;-0,0797642;1,517382;2,190803;3,999461;-0,0797642;1,517382;2,190803;3,999461;-0,1202752;1,517382;2,190803;3,999461;-0,1202752;1,517382;2,190803;3,999461;-0,1202752;1,517382;2,189688;0;0;0;0;-0,001483351;-0,0425874 | Fitness: 1,598816
Index: 32 : 1,80189;-0,0760161;1,458253;2,223612;3,95066;-0,0760161;1,458253;2,223612;3,95066;-0,08402346;1,458253;2,223612;3,95066;-0,08402346;1,458253;2,223612;3,95066;-0,08402346;1,458253;2,223612;0;0;0;0;-0,04963428;-0,0411385 | Fitness: 1,598539
Index: 33 : -0,8684521;3,311369;3,004867;-3,911215;-2,880757;-3,449883;1,763255;4,692267;4,142084;-4,172491;-0,8153982;3,356153;4,645921;-4,259435;-4,683529;-1,635055;3,382721;0,6757779;1,637507;3,894739;-3,176787;2,553799;-2,934533;-4,200152;4,862068;-4,601658 | Fitness: 1,598208
Index: 34 : 3,254757;-1,253598;1,973149;4,846344;-4,80145;-1,253598;1,973149;4,846344;-4,80145;-1,253598;1,973149;4,846344;-4,80145;-1,253598;1,982645;4,846344;-4,80145;-1,253598;1,982645;4,83788;0;0;0;0;-0,009857912;-0,02750883 | Fitness: 1,582078
Index: 35 : 1,77848;-0,01902484;1,534436;2,201979;4,068328;-0,01902484;1,534436;2,201979;4,068328;0,02877114;1,534436;2,201979;4,068328;0,02877114;1,534436;2,201979;4,068328;0,02877114;1,534436;2,186827;0;0;0;0;-0,02453579;0 | Fitness: 1,579598
Index: 36 : 1,718516;-0,06498367;1,493741;2,163586;4,042775;-0,06498367;1,493741;2,163586;4,042775;-0,07675397;1,493741;2,163586;4,042775;-0,076753