Generation: 460 | maxFitness: 3,028015 | maxFitnessGen: 2,715853 | maxFitnessGenBuf: 2,909176

Index: 0 : -1,157279;3,192323;-3,593415;-4,341825;-0,2705271;3,192323;-3,593415;-4,341825;-0,2705271;3,197728;-3,593415;-4,341825;-0,2705271;3,197728;-3,593415;-4,341825;-0,2705271;3,197728;-3,593415;-4,341825;0;0;0;0;-0,02437607;-0,01151696 | Fitness: 2,909176
Index: 1 : -1,174823;4,809157;-1,756988;-2,827896;-3,525233;4,809157;-1,756988;-2,827896;-3,525233;4,810704;-1,756988;-2,827896;-3,525233;4,810704;-1,761556;-2,827896;-3,525233;4,810704;-1,761556;-2,875212;0;0;0;0;0;-0,01833714 | Fitness: 2,675501
Index: 2 : -1,044467;3,066321;-3,518545;-4,362698;-0,2881918;3,066321;-3,518545;-4,362698;-0,2881918;3,066321;-3,518545;-4,362698;-0,2881918;3,066321;-3,504426;-4,362698;-0,2881918;3,066321;-3,504426;-4,315111;0;0;0;0;0;-0,01536414 | Fitness: 2,660548
Index: 3 : -2,207989;0,532119;-0,9871602;2,585673;3,325165;0,532119;-0,9871602;2,585673;3,325165;0,4913448;-0,9871602;2,585673;3,325165;0,4913448;-0,9858191;2,585673;3,325165;0,4913448;-0,9858191;2,55058;0;0;0;0;0;-0,005464714 | Fitness: 2,616091
Index: 4 : -2,953101;3,223741;1,535232;4,806146;0,852635;3,223741;1,535232;4,806146;0,852635;3,268658;1,535232;4,806146;0,852635;3,268658;1,492882;4,806146;0,852635;3,268658;1,492882;4,809741;0;0;0;0;0;0 | Fitness: 2,595179
Index: 5 : -1,120209;3,094018;-3,507291;-4,316933;-0,3453371;3,094018;-3,507291;-4,316933;-0,3453371;3,05834;-3,507291;-4,316933;-0,3453371;3,05834;-3,507291;-4,316933;-0,3453371;3,05834;-3,507291;-4,326925;0;0;0;0;0;0 | Fitness: 2,595179
Index: 6 : -1,177357;4,838653;-1,689881;-2,841859;-3,542608;4,838653;-1,689881;-2,841859;-3,542608;4,854067;-1,689881;-2,841859;-3,542608;4,854067;-1,689881;-2,841859;-3,542608;4,854067;-1,689881;-2,842403;0;0;0;0;0;0 | Fitness: 2,595179
Index: 7 : -1,165264;4,821782;-1,767074;-2,782304;-3,499593;4,821782;-1,767074;-2,782304;-3,499593;4,821782;-1,767074;-2,782304;-3,499593;4,821782;-1,767074;-2,782304;-3,499593;4,821782;-1,767074;-2,782304;0;0;0;0;0;0 | Fitness: 2,595179
Index: 8 : -2,255308;0,5349151;-0,983457;2,570611;3,302613;0,5349151;-0,983457;2,570611;3,302613;0,5816554;-0,983457;2,570611;3,302613;0,5816554;-0,983457;2,570611;3,302613;0,5816554;-0,983457;2,570611;0;0;0;0;0;0 | Fitness: 2,595179
Index: 9 : -1,298592;2,756637;-1,491173;-0,05600551;1,423645;2,756637;-1,491173;-0,05600551;1,423645;2,756637;-1,491173;-0,05600551;1,423645;2,756637;-1,482159;-0,05600551;1,423645;2,756637;-1,482159;-0,0899965;0;0;0;0;0;0 | Fitness: 2,595179
Index: 10 : -1,130081;4,811152;-1,746505;-2,803099;-3,529058;4,811152;-1,746505;-2,803099;-3,529058;4,811152;-1,746505;-2,803099;-3,529058;4,811152;-1,774145;-2,803099;-3,529058;4,811152;-1,774145;-2,803099;0;0;0;0;0;0 | Fitness: 2,595179
Index: 11 : -1,137215;3,17853;-3,559388;-4,373059;-0,2784151;3,17853;-3,559388;-4,373059;-0,2784151;3,216146;-3,559388;-4,373059;-0,2784151;3,216146;-3,559388;-4,373059;-0,2784151;3,216146;-3,559388;-4,358412;0;0;0;0;0;0 | Fitness: 2,595179
Index: 12 : -1,298592;2,756637;-1,458384;-0,1319761;1,423645;2,756637;-1,458384;-0,1319761;1,423645;2,756637;-1,458384;-0,1319761;1,423645;2,756637;-1,458384;-0,1319761;1,423645;2,756637;-1,458384;-0,05740863;0;0;0;0;0;0 | Fitness: 2,595179
Index: 13 : -1,177441;3,19489;-3,559388;-4,334259;-0,2846476;3,19489;-3,559388;-4,334259;-0,2846476;3,171766;-3,559388;-4,334259;-0,2846476;3,171766;-3,559614;-4,334259;-0,2846476;3,171766;-3,559614;-4,295512;0;0;0;0;0;0 | Fitness: 2,595179
Index: 14 : -1,117603;3,17853;-3,559388;-4,383287;-0,3079902;3,17853;-3,559388;-4,383287;-0,3079902;3,17853;-3,559388;-4,383287;-0,3079902;3,17853;-3,559388;-4,383287;-0,3079902;3,17853;-3,559388;-4,358412;0;0;0;0;0;0 | Fitness: 2,595179
Index: 15 : -1,822263;-2,404162;0,7387824;-3,580607;1,196425;-2,404162;0,7387824;-3,580607;1,196425;-2,407803;0,7387824;-3,580607;1,196425;-2,407803;0,7387824;-3,580607;1,196425;-2,407803;0,7387824;-3,537583;0;0;0;0;-0,0448652;0 | Fitness: 2,595179
Index: 16 : -1,177441;3,177048;-3,520446;-4,288823;-0,2784151;3,177048;-3,520446;-4,288823;-0,2784151;3,196069;-3,520446;-4,288823;-0,2784151;3,196069;-3,559388;-4,288823;-0,2784151;3,196069;-3,559388;-4,334259;0;0;0;0;0;0 | Fitness: 2,595179
Index: 17 : -1,101555;4,654196;-1,661474;-2,884551;-3,585971;4,654196;-1,661474;-2,884551;-3,585971;4,606329;-1,661474;-2,884551;-3,585971;4,606329;-1,661474;-2,884551;-3,585971;4,606329;-1,661474;-2,861281;0;0;0;0;0;0 | Fitness: 2,595179
Index: 18 : -1,123307;4,606329;-1,661474;-2,884551;-3,585971;4,606329;-1,661474;-2,884551;-3,585971;4,606329;-1,661474;-2,884551;-3,585971;4,606329;-1,661474;-2,884551;-3,585971;4,606329;-1,661474;-2,884551;0;0;0;0;0;0 | Fitness: 2,595179
Index: 19 : -1,154523;4,811152;-1,746505;-2,827896;-3,529058;4,811152;-1,746505;-2,827896;-3,529058;4,811152;-1,746505;-2,827896;-3,529058;4,811152;-1,746505;-2,827896;-3,529058;4,811152;-1,746505;-2,827896;0;0;0;0;0;0 | Fitness: 2,595179
Index: 20 : -2,204949;0,5067052;-1,026343;2,535907;3,117345;0,5067052;-1,026343;2,535907;3,117345;0,5457435;-1,026343;2,535907;3,117345;0,5457435;-0,9362114;2,535907;3,117345;0,5457435;-0,9362114;2,535907;0;0;0;0;0;0,04453615 | Fitness: 2,514219
Index: 21 : -1,889918;-2,347291;0,8148353;-3,516994;1,2565;-2,347291;0,8148353;-3,516994;1,2565;-2,307631;0,8148353;-3,516994;1,2565;-2,307631;0,8144816;-3,516994;1,2565;-2,307631;0,8144816;-3,516994;0;0;0;0;0,03605305;0,04575867 | Fitness: 2,514017
Index: 22 : -1,889918;-2,317657;0,8463625;-3,542723;1,218016;-2,317657;0,8463625;-3,542723;1,218016;-2,347291;0,8463625;-3,542723;1,218016;-2,347291;0,8127937;-3,542723;1,218016;-2,347291;0,8127937;-3,516994;0;0;0;0;0;0,04575867 | Fitness: 2,514017
Index: 23 : -1,220834;4,860343;-1,719705;-2,830552;-3,539618;4,860343;-1,719705;-2,830552;-3,539618;4,817111;-1,719705;-2,830552;-3,539618;4,817111;-1,750751;-2,830552;-3,539618;4,817111;-1,750751;-2,830552;0;0;0;0;0;0,06183711 | Fitness: 2,319514
Index: 24 : -2,207989;0,6258628;-0,9374303;2,510187;3,251087;0,6258628;-0,9374303;2,510187;3,251087;0,6204353;-0,9374303;2,510187;3,251087;0,6204353;-0,8998731;2,510187;3,251087;0,6204353;-0,8998731;2,556791;0;0;0;0;0;-0,02390075 | Fitness: 1,84147
Index: 25 : 3,591465;0,4200681;-3,784363;1,680422;-4,369864;0,4200681;-3,784363;1,680422;-4,369864;0,4053245;-3,784363;1,680422;-4,369864;0,4053245;-3,817022;1,680422;-4,369864;0,4053245;-3,817022;1,706666;0;0;0;0;0;-0,07452621 | Fitness: 1,775342
Index: 26 : -2,284106;0,552711;-0,9871602;2,533831;3,171877;0,552711;-0,9871602;2,533831;3,171877;0,552711;-0,9871602;2,533831;3,171877;0,552711;-0,9871602;2,533831;3,171877;0,552711;-0,9871602;2,574048;0;0;0;0;0;-0,02537617 | Fitness: 1,764197
Index: 27 : -2,954337;3,223741;1,551246;4,850887;0,9237141;3,223741;1,551246;4,850887;0,9237141;3,223741;1,551246;4,850887;0,9237141;3,223741;1,536523;4,850887;0,9237141;3,223741;1,536523;4,885931;0;0;0;0;0;-0,02612033 | Fitness: 1,728548
Index: 28 : -1,436459;2,704525;-1,559997;-0,1295505;1,434487;2,704525;-1,559997;-0,1295505;1,434487;2,746091;-1,559997;-0,1295505;1,434487;2,746091;-1,559997;-0,1295505;1,434487;2,746091;-1,559997;-0,149463;0;0;0;0;0,01146491;0,03689798 | Fitness: 1,640838
Index: 29 : -3,979627;4,341327;0,1191587;2,662855;-4,639903;-1,055667;3,172563;-4,537311;1,147452;-2,084198;-1,672267;-4,819635;0,7977872;-3,395022;-1,995301;-2,722922;0,1541348;-3,284808;-4,430683;-4,186336;-3,114768;4,86171;3,651546;1,991384;4,587519;-0,07295084 | Fitness: 1,630659
Index: 30 : -1,427391;2,746091;-1,559997;-0,109942;1,435931;2,746091;-1,559997;-0,109942;1,435931;2,746091;-1,559997;-0,109942;1,435931;2,746091;-1,559997;-0,109942;1,435931;2,746091;-1,559997;-0,06738614;0;0;0;0;-0,03169668;0,02658859 | Fitness: 1,593758
Index: 31 : -1,322365;2,985782;-1,506202;0,04069014;1,268952;2,985782;-1,506202;0,04069014;1,268952;2,949877;-1,506202;0,04069014;1,268952;2,949877;-1,473925;0,04069014;1,268952;2,949877;-1,473925;0,05217857;0;0;0;0;-0,03356611;-0,03081254 | Fitness: 1,582898
Index: 32 : -1,278389;2,941619;-1,473925;0,03437223;1,305175;2,941619;-1,473925;0,03437223;1,305175;2,985782;-1,473925;0,03437223;1,305175;2,985782;-1,473925;0,03437223;1,305175;2,985782;-1,473925;0,05217857;0;0;0;0;0;-0,03081254 | Fitness: 1,54357
Index: 33 : -1,338074;2,756637;-1,458384;-0,1009841;1,423645;2,756637;-1,458384;-0,1009841;1,423645;2,756637;-1,458384;-0,1009841;1,423645;2,756637;-1,48456;-0,1009841;1,423645;2,756637;-1,48456;-0,0899965;0;0;0;0;-0,007638089;0 | Fitness: 1,539853
Index: 34 : -1,082951;3,066321;-3,518545;-4,315111;-0,2679735;3,066321;-3,518545;-4,315111;-0,2679735;3,066321;-3,518545;-4,315111;-0,2679735;3,066321;-3,474299;-4,315111;-0,2679735;3,066321;-3,474299;-4,315111;0;0;0;0;0;-0,03101516 | Fitness: 1,53686
Index: 35 : -2,2482;0,532119;-0,9871602;2,55058;3,290071;0,532119;-0,9871602;2,55058;3,290071;0,4834437;-0,9871602;2,55058;3,290071;0,4834437;-0,9871602;2,55058;3,290071;0,4834437;-0,9871602;2,553941;0;0;0;0;-0,004147716;-0,005464714 | Fitness: 1,515911
Index: 36 : -1,050704;3,066321;-3,517679;-4,315111;-0,2522832;3,066321;-3,517679;-4,315111;-0,2522832;3,035851;-3,517679;-4,315111;-0,2522832;3,035851;-3,518545;-4,315111;-0,2522832;3,035851;-3,518545;-4,302197;0;0